1 18 0 16 16
2 35 0 16 16
3 52 0 16 16
4 69 0 16 16
5 86 0 16 16
6 103 0 16 16
7 123 0 10 16
8 137 0 16 15
9 154 0 16 15
10 171 0 16 15
11 188 0 16 16
12 205 1 16 15
13 222 0 16 16
14 239 0 16 16
15 256 0 16 16
16 2 18 13 15
17 19 25 12 8
18 37 17 13 16
19 53 30 9 3
20 70 17 14 16
21 88 17 13 16
22 112 17 7 16
23 120 17 7 16
24 137 17 16 15
25 154 17 16 15
26 171 17 16 15
27 188 17 16 16
28 205 17 16 15
29 222 17 16 16
30 240 17 15 16
31 256 17 15 16
32 1 42 16 8
33 18 42 16 8
34 35 42 16 8
35 52 34 16 16
36 69 34 16 16
37 86 34 16 16
38 112 34 7 16
39 120 34 7 16
40 137 34 16 15
41 154 34 16 15
42 171 34 16 15
43 188 34 16 15
44 205 34 16 15
45 222 34 16 15
46 239 34 16 16
47 256 34 16 16
48 1 51 16 16
49 18 51 16 16
50 35 51 16 16
51 52 51 16 16
52 69 51 16 16
53 86 51 16 16
54 104 51 14 16
55 120 51 16 16
56 137 51 16 16
57 154 51 16 16
58 171 51 16 16
59 188 51 16 16
60 205 51 16 16
61 222 51 16 16
62 239 51 16 16
63 256 51 16 16
64 1 68 16 16
65 18 68 16 16
66 35 68 16 16
67 52 68 16 16
68 69 68 16 16
69 86 68 16 16
70 104 68 14 16
71 128 68 8 16
72 137 68 16 16
73 154 68 8 16
74 171 68 16 16
75 188 68 16 16
76 205 68 16 16
77 233 68 5 16
78 239 68 6 16
79 250 68 5 16
80 256 68 6 16
81 5 89 8 9
82 22 89 8 9
83 39 89 8 9
84 56 89 8 9
85 69 85 16 11
86 86 90 16 11
87 103 85 16 16
88 128 85 8 16
89 137 85 16 16
90 154 85 8 16
91 171 85 16 16
92 188 85 16 16
93 205 85 16 16
94 233 85 5 16
95 239 85 6 16
96 250 85 5 16
97 256 85 6 16
98 1 108 16 4
99 24 102 4 16
100 35 102 16 16
101 52 102 16 16
102 69 102 11 16
103 91 102 11 16
104 103 102 16 16
105 128 102 8 16
106 137 102 16 16
107 154 102 8 16
108 171 102 16 16
109 188 102 16 16
110 205 102 16 16
111 233 102 5 16
112 239 102 6 16
113 250 102 5 16
114 256 102 6 16
115 5 123 12 9
116 18 123 13 9
117 39 123 9 12
118 56 119 9 13
119 73 123 12 12
120 86 119 13 13
121 107 119 12 13
122 120 123 13 12
123 137 119 16 16
124 154 119 16 16
125 171 119 16 16
126 188 119 16 16
127 205 119 16 16
128 223 119 15 14
129 239 119 16 16
130 256 122 15 13
131 6 141 11 6
132 18 141 11 6
133 40 141 6 11
134 57 136 6 11
135 74 141 11 11
136 86 136 11 11
137 108 136 11 11
138 120 141 11 11
139 141 139 8 8
140 154 136 16 16
141 171 136 16 16
142 188 136 16 16
143 205 136 16 16
144 222 138 16 14
145 239 136 16 16
146 256 136 16 16
147 1 158 16 6
148 23 153 6 16
149 35 153 16 16
150 52 153 16 16
151 74 153 11 11
152 91 158 11 11
153 103 158 11 11
154 120 153 11 11
155 142 153 11 11
156 159 153 11 16
157 171 153 11 16
158 188 153 11 11
159 210 158 11 11
160 222 158 16 11
161 239 153 16 11
162 261 153 11 11
163 1 175 11 11
164 18 170 11 16
165 40 170 11 16
166 57 175 11 11
167 69 170 11 11
168 86 170 16 11
169 103 175 16 11
170 120 175 11 11
171 151 184 2 2
172 154 176 16 10
173 177 170 10 16
174 188 170 2 2
175 211 170 10 16
176 222 184 2 2
177 253 170 2 2
178 256 170 16 10
179 1 193 16 10
180 18 201 2 2
181 49 187 2 2
182 52 187 10 16
183 83 201 2 2
184 86 187 10 16
185 103 187 16 10
186 120 187 2 2
187 137 187 16 16
188 154 187 16 16
189 171 187 16 16
190 188 187 16 16
191 205 187 16 16
192 222 187 16 16
193 239 187 16 16
194 256 187 16 16
195 1 204 16 16
196 18 204 16 16
197 35 204 16 16
198 52 204 16 16
199 69 204 16 16
200 86 204 16 16
201 103 204 16 16
202 120 204 16 16
203 137 204 16 16
204 154 204 16 16
205 171 204 16 16
206 188 204 16 16
207 205 204 16 16
208 222 204 16 16
209 239 204 16 16
210 256 204 16 16
211 1 221 16 16
212 18 221 16 16
213 35 221 16 16
214 52 221 16 16
215 69 221 16 16
216 86 221 16 16
217 103 221 16 16
218 120 221 16 16
219 137 221 16 16
220 154 221 16 16
221 171 221 16 16
222 188 221 16 16
223 205 221 16 16
224 222 221 16 16
225 239 221 16 16
226 256 221 16 16
227 1 238 16 16
228 18 238 16 16
229 35 238 16 16
230 52 238 16 16
231 69 238 16 16
232 86 238 16 16
233 103 238 16 16
234 120 238 16 16
235 137 238 16 16
236 154 238 16 16
237 171 238 16 16
238 188 238 16 16
239 205 238 16 16
240 222 238 16 16
241 239 238 16 16
242 256 238 16 16
243 1 255 16 16
244 18 255 16 16
245 35 255 16 16
246 52 255 16 16
247 69 255 16 16
248 86 255 16 16
249 103 255 16 16
250 120 255 16 16
251 137 255 16 16
252 154 255 16 16
253 171 255 16 16
254 188 255 16 16
255 205 255 16 16
256 222 255 16 16
257 239 255 16 16
258 256 255 16 16
259 1 272 16 16
260 18 275 16 10
261 35 278 16 4
262 52 275 16 10
263 87 273 15 15
264 103 272 16 15
265 120 272 16 15
266 137 273 15 15
267 189 273 15 15
268 205 272 16 15
269 222 272 16 15
270 239 273 15 15
271 1 289 16 16
272 22 292 8 8
273 69 289 16 15
274 86 289 15 15
275 138 289 15 15
276 154 289 16 15
277 171 289 16 15
278 188 289 15 15
279 240 289 15 15
280 256 289 16 15
281 87 307 15 15
282 103 306 16 15
283 120 306 16 15
284 137 307 15 15
285 189 307 15 15
286 205 306 16 15
287 222 306 16 15
288 239 307 15 15
289 69 323 16 15
290 86 323 15 15
291 138 323 15 15
292 154 323 16 15
293 171 323 16 15
294 188 323 15 15
295 240 323 15 15
296 256 323 16 15
297 87 341 15 15
298 103 340 16 15
299 120 340 16 15
300 137 341 15 15
301 189 341 15 15
302 205 340 16 15
303 222 340 16 15
304 239 341 15 15
305 35 357 16 16
306 52 357 16 16
307 69 357 16 15
308 86 357 15 15
309 138 357 15 15
310 154 357 16 15
311 171 357 16 15
312 188 357 15 15
313 240 357 15 15
314 256 357 16 15
315 36 385 4 4
316 36 375 4 4
317 36 380 3 4
318 41 386 4 3
319 41 375 4 3
320 46 375 4 4
321 46 385 4 4
322 47 380 3 4
323 53 375 4 4
324 53 380 3 4
325 53 385 4 4
326 58 386 4 3
327 58 375 4 3
328 63 375 4 4
329 63 385 4 4
330 64 380 3 4
331 87 375 15 15
332 103 374 16 15
333 120 374 16 15
334 137 375 15 15
335 189 375 15 15
336 205 374 16 15
337 222 374 16 15
338 239 375 15 15
339 35 391 16 16
340 52 391 16 16
341 69 391 16 15
342 86 391 15 15
343 138 391 15 15
344 154 391 16 15
345 171 391 16 15
346 188 391 15 15
347 240 391 15 15
348 256 391 16 15
349 1 408 16 16
350 18 408 16 16
351 35 408 16 16
352 52 408 16 16
353 69 408 16 16
354 86 409 16 15
355 103 408 16 16
356 171 408 16 15
357 188 408 16 15
358 205 408 16 15
359 222 408 16 15
360 239 408 16 15
361 256 408 16 15
362 1 425 16 16
363 18 425 16 16
364 35 425 16 16
365 52 425 16 16
366 69 425 16 16
367 86 425 16 15
368 103 425 16 16
369 171 425 16 15
370 188 425 16 15
371 205 425 16 15
372 222 425 16 15
373 239 425 16 15
374 256 425 16 15
375 1 442 16 16
376 18 442 16 16
377 35 442 16 16
378 52 442 16 16
379 69 442 16 16
380 86 442 16 16
381 103 442 16 16
382 120 442 16 16
383 137 442 16 16
384 154 442 16 16
385 171 442 16 16
386 188 442 16 16
387 205 442 16 16
388 222 442 16 16
389 239 442 16 16
390 256 442 16 16
391 1 459 16 16
392 18 459 16 16
393 35 459 16 16
394 52 459 16 16
395 69 459 16 16
396 86 459 16 16
397 103 459 16 16
398 120 459 16 16
399 137 459 16 16
400 154 459 16 16
401 171 459 16 16
402 188 459 16 16
403 205 459 16 16
404 222 459 16 16
405 239 459 16 16
406 256 459 16 16
407 1 484 16 8
408 18 476 16 16
409 35 476 16 16
410 52 484 16 8
411 69 476 16 16
412 86 476 16 16
413 103 476 16 16
414 120 476 16 16
415 137 476 16 16
416 154 476 16 16
417 171 476 16 16
418 188 476 16 16
419 205 476 16 16
420 222 476 16 16
421 239 476 16 16
422 256 476 16 16
423 1 493 16 16
424 18 493 16 16
425 35 493 16 16
426 52 493 16 16
427 69 493 16 16
428 86 493 16 16
429 103 493 16 16
430 120 493 16 16
431 137 493 16 16
432 154 493 16 16
433 171 493 16 16
434 188 493 16 16
435 205 493 16 16
436 222 493 16 16
437 239 493 16 16
438 256 493 16 16
439 1 510 16 16
440 18 510 16 16
441 35 510 16 16
442 52 510 16 16
443 69 510 16 16
444 86 510 16 16
445 103 510 16 16
446 120 510 16 16
447 137 510 16 16
448 154 510 16 16
449 171 510 16 16
450 188 510 16 16
451 205 510 16 16
452 222 510 16 16
453 239 510 16 16
454 256 510 16 16
455 1 527 16 8
456 18 527 16 16
457 35 527 16 16
458 52 527 16 8
459 69 527 16 16
460 86 527 16 16
461 103 527 16 16
462 120 527 16 16
463 137 527 16 16
464 154 527 16 16
465 171 527 16 16
466 188 527 16 16
467 205 527 16 16
468 222 527 16 16
469 239 527 16 16
470 256 527 16 16
471 1 552 16 8
472 18 544 16 16
473 35 544 16 16
474 52 552 16 8
475 70 545 4 4
476 75 550 4 4
477 80 555 4 4
478 87 555 4 4
479 92 550 4 4
480 97 545 4 4
481 108 549 6 6
482 124 548 9 9
483 137 544 13 13
484 158 544 12 13
485 171 548 13 12
486 192 548 12 12
487 205 544 11 11
488 227 544 11 11
489 239 549 11 11
490 261 549 11 11
491 1 561 16 16
492 18 561 16 8
493 35 561 16 8
494 52 561 16 16
495 69 561 13 13
496 86 561 16 13
497 103 561 16 13
498 120 561 16 16
499 137 561 13 16
500 154 561 13 16
501 171 561 13 13
502 188 561 16 13
503 209 561 12 13
504 226 561 12 13
505 243 561 12 16
506 260 561 12 16
507 1 578 16 16
508 18 578 16 13
509 35 578 13 16
510 52 578 13 16
511 69 578 16 16
512 86 582 16 12
513 103 582 16 12
514 120 582 13 12
515 137 582 13 12
516 154 578 16 16
517 175 578 12 16
518 192 578 12 16
519 209 582 12 12
520 226 582 12 12
521 239 582 16 12
522 256 582 16 12
523 1 595 16 16
524 18 595 16 16
525 35 595 16 16
526 52 595 16 16
527 69 595 16 16
528 86 595 16 16
529 103 595 16 16
530 120 595 16 16
531 137 595 16 16
532 154 595 16 16
533 171 595 16 16
534 188 595 16 16
535 205 595 16 16
536 222 595 16 16
537 239 595 16 16
538 256 595 16 16
539 1 629 16 16
540 18 630 16 15
541 35 629 16 16
542 52 629 16 16
543 69 630 16 15
544 86 629 16 16
545 103 629 16 16
546 120 629 16 16
547 137 629 16 16
548 154 629 16 16
549 171 629 16 16
550 188 629 16 16
551 205 629 16 16
552 222 629 16 16
553 239 629 16 16
554 256 629 16 16
555 1 646 16 16
556 18 646 16 15
557 35 646 16 16
558 52 646 16 16
559 69 646 16 15
560 86 646 16 16
561 104 646 15 16
562 120 646 15 16
563 138 646 15 16
564 154 646 15 16
565 172 646 15 16
566 188 646 15 16
567 205 646 16 16
568 222 646 16 16
569 239 646 16 16
570 1 663 16 15
571 18 663 16 15
572 35 663 16 15
573 70 664 15 15
574 86 663 16 15
575 103 663 16 15
576 120 664 15 15
577 172 664 15 15
578 188 663 16 15
579 205 663 16 15
580 222 664 15 15
581 256 663 15 16
582 1 680 16 15
583 18 680 16 15
584 35 680 16 15
585 52 680 16 15
586 69 680 15 15
587 121 680 15 15
588 137 680 16 15
589 154 680 16 15
590 171 680 15 15
591 223 680 15 15
592 239 680 16 15
593 259 680 9 16
594 1 697 16 15
595 18 697 16 15
596 35 697 16 15
597 70 698 15 15
598 86 697 16 15
599 103 697 16 15
600 120 698 15 15
601 172 698 15 15
602 188 697 16 15
603 205 697 16 15
604 222 698 15 15
605 256 697 15 16
606 1 714 16 15
607 18 714 16 15
608 35 714 16 15
609 52 714 16 15
610 69 714 15 15
611 121 714 15 15
612 137 714 16 15
613 154 714 16 15
614 171 714 15 15
615 223 714 15 15
616 239 714 16 15
617 259 714 9 16
618 1 731 16 16
619 20 733 5 5
620 20 740 5 5
621 27 733 5 5
622 27 740 5 5
623 35 731 16 16
624 56 734 8 8
