1 18 0 16 16
2 35 0 16 16
3 52 0 16 16
4 69 0 16 16
5 86 0 16 16
6 103 0 16 16
7 123 0 10 16
8 137 0 16 15
9 154 0 16 15
10 171 0 16 15
11 188 0 16 16
12 205 1 16 15
13 222 0 16 16
14 239 0 16 16
15 256 0 16 16
16 3 23 11 10
17 18 18 16 15
18 35 17 16 16
19 52 18 16 15
20 69 17 16 16
21 86 17 16 16
22 112 17 7 16
23 120 17 7 16
24 137 17 16 15
25 154 17 16 15
26 171 17 16 15
27 188 17 16 16
28 205 17 16 15
29 222 17 16 16
30 240 17 15 16
31 256 17 15 16
32 4 42 13 8
33 18 42 16 8
34 35 42 13 8
35 52 34 16 16
36 69 34 16 16
37 86 34 16 16
38 112 34 7 16
39 120 34 7 16
40 137 34 16 15
41 154 34 16 15
42 171 34 16 15
43 188 34 16 15
44 205 34 16 15
45 222 34 16 15
46 239 34 16 16
47 256 34 16 16
48 1 51 16 16
49 18 51 16 16
50 35 51 16 16
51 52 51 16 16
52 69 51 16 16
53 86 51 16 16
54 104 51 14 16
55 120 51 16 16
56 137 51 16 16
57 154 51 16 16
58 171 51 16 16
59 188 51 16 16
60 205 51 16 16
61 222 51 16 16
62 239 51 16 16
63 256 51 16 16
64 1 68 16 16
65 18 68 16 16
66 35 68 16 16
67 52 68 16 16
68 69 68 16 16
69 86 68 16 16
70 104 68 14 16
71 124 68 12 16
72 137 68 16 16
73 154 68 12 16
74 175 68 12 16
75 188 68 16 16
76 205 68 12 16
77 226 68 8 16
78 243 68 8 16
79 260 68 8 16
80 5 89 8 9
81 22 89 8 9
82 39 89 8 9
83 56 89 8 9
84 69 85 16 11
85 86 90 16 11
86 103 85 16 16
87 124 85 12 16
88 137 85 4 16
89 148 85 5 16
90 154 85 12 16
91 175 85 12 16
92 188 85 16 16
93 205 85 12 16
94 226 85 8 16
95 243 85 8 16
96 260 85 8 16
97 1 108 16 4
98 24 102 4 16
99 35 102 16 16
100 52 102 16 16
101 69 102 11 16
102 91 102 11 16
103 103 102 16 16
104 124 102 12 16
105 137 102 4 16
106 148 102 5 16
107 154 102 12 16
108 175 102 12 16
109 188 102 16 16
110 205 102 12 16
111 222 102 16 16
112 239 102 16 16
113 256 102 16 16
114 5 123 12 9
115 18 123 13 9
116 39 123 9 12
117 56 119 9 13
118 73 123 12 12
119 86 119 13 13
120 107 119 12 13
121 120 123 13 12
122 137 119 16 16
123 154 119 16 16
124 171 119 16 16
125 188 119 16 16
126 205 119 16 16
127 223 119 15 14
128 239 119 16 16
129 256 122 15 13
130 6 141 11 6
131 18 141 11 6
132 40 141 6 11
133 57 136 6 11
134 74 141 11 11
135 86 136 11 11
136 108 136 11 11
137 120 141 11 11
138 141 139 8 8
139 154 136 16 16
140 171 136 16 16
141 188 136 16 16
142 205 136 16 16
143 222 139 16 13
144 239 139 16 13
145 256 144 15 8
146 1 158 16 6
147 23 153 6 16
148 35 153 16 16
149 52 153 16 16
150 74 153 11 11
151 91 158 11 11
152 103 158 11 11
153 120 153 11 11
154 142 153 11 11
155 159 153 11 16
156 171 153 11 16
157 188 153 11 11
158 210 158 11 11
159 222 158 16 11
160 239 153 16 11
161 261 153 11 11
162 1 175 11 11
163 18 170 11 16
164 40 170 11 16
165 57 175 11 11
166 69 170 11 11
167 86 170 16 11
168 103 175 16 11
169 120 175 11 11
170 151 184 2 2
171 154 176 16 10
172 177 170 10 16
173 188 170 2 2
174 211 170 10 16
175 222 184 2 2
176 253 170 2 2
177 256 170 16 10
178 1 193 16 10
179 18 201 2 2
180 49 187 2 2
181 52 187 10 16
182 83 201 2 2
183 86 187 10 16
184 103 187 16 10
185 120 187 2 2
186 137 187 16 16
187 154 187 16 16
188 171 187 16 16
189 188 187 16 16
190 205 187 16 16
191 222 187 16 16
192 239 187 16 16
193 256 187 16 16
194 1 204 16 16
195 18 204 16 16
196 35 204 16 16
197 52 204 16 16
198 69 204 16 16
199 86 204 16 16
200 103 204 16 16
201 120 204 16 16
202 137 204 16 16
203 154 204 16 16
204 171 204 16 16
205 188 204 16 16
206 205 204 16 16
207 222 204 16 16
208 239 204 16 16
209 256 204 16 16
210 1 221 16 16
211 18 221 16 16
212 35 221 16 16
213 52 221 16 16
214 69 221 16 16
215 86 221 16 16
216 103 221 16 16
217 120 221 16 16
218 137 221 16 16
219 154 221 16 16
220 171 221 16 16
221 188 221 16 16
222 205 221 16 16
223 222 221 16 16
224 239 221 16 16
225 256 221 16 16
226 1 238 16 16
227 18 238 16 16
228 35 238 16 16
229 52 238 16 16
230 69 238 16 16
231 86 238 16 16
232 103 238 16 16
233 120 238 16 16
234 137 238 16 16
235 154 238 16 16
236 171 238 16 16
237 188 238 16 16
238 205 238 16 16
239 222 238 16 16
240 239 238 16 16
241 256 238 16 16
242 1 255 16 16
243 18 255 16 16
244 35 255 16 16
245 52 255 16 16
246 69 255 16 16
247 86 255 16 16
248 103 255 16 16
249 120 255 16 16
250 137 255 16 16
251 154 255 16 16
252 171 255 16 16
253 188 255 16 16
254 205 255 16 16
255 222 255 16 16
256 239 255 16 16
257 256 255 16 16
258 1 272 16 16
259 18 275 16 10
260 35 278 16 4
261 52 275 16 10
262 87 273 15 15
263 103 272 16 15
264 120 272 16 15
265 137 273 15 15
266 189 273 15 15
267 205 272 16 15
268 222 272 16 15
269 239 273 15 15
270 1 289 16 16
271 22 292 8 8
272 69 289 16 15
273 86 289 15 15
274 138 289 15 15
275 154 289 16 15
276 171 289 16 15
277 188 289 15 15
278 240 289 15 15
279 256 289 16 15
280 87 307 15 15
281 103 306 16 15
282 120 306 16 15
283 137 307 15 15
284 189 307 15 15
285 205 306 16 15
286 222 306 16 15
287 239 307 15 15
288 69 323 16 15
289 86 323 15 15
290 138 323 15 15
291 154 323 16 15
292 171 323 16 15
293 188 323 15 15
294 240 323 15 15
295 256 323 16 15
296 87 341 15 15
297 103 340 16 15
298 120 340 16 15
299 137 341 15 15
300 189 341 15 15
301 205 340 16 15
302 222 340 16 15
303 239 341 15 15
304 35 357 16 16
305 52 357 16 16
306 69 357 16 15
307 86 357 15 15
308 138 357 15 15
309 154 357 16 15
310 171 357 16 15
311 188 357 15 15
312 240 357 15 15
313 256 357 16 15
314 36 385 4 4
315 36 375 4 4
316 36 380 3 4
317 41 386 4 3
318 41 375 4 3
319 46 375 4 4
320 46 385 4 4
321 47 380 3 4
322 53 375 4 4
323 53 380 3 4
324 53 385 4 4
325 58 386 4 3
326 58 375 4 3
327 63 375 4 4
328 63 385 4 4
329 64 380 3 4
330 87 375 15 15
331 103 374 16 15
332 120 374 16 15
333 137 375 15 15
334 189 375 15 15
335 205 374 16 15
336 222 374 16 15
337 239 375 15 15
338 35 391 16 16
339 52 391 16 16
340 69 391 16 15
341 86 391 15 15
342 138 391 15 15
343 154 391 16 15
344 171 391 16 15
345 188 391 15 15
346 240 391 15 15
347 256 391 16 15
348 1 408 16 16
349 18 408 16 16
350 35 408 16 16
351 52 408 16 16
352 69 408 16 16
353 86 409 16 15
354 103 408 16 16
355 171 408 16 15
356 188 408 16 15
357 205 408 16 15
358 222 408 16 15
359 239 408 16 15
360 256 408 16 15
361 1 425 16 16
362 18 425 16 16
363 35 425 16 16
364 52 425 16 16
365 69 425 16 16
366 86 425 16 15
367 103 425 16 16
368 171 425 16 15
369 188 425 16 15
370 205 425 16 15
371 222 425 16 15
372 239 425 16 15
373 256 425 16 15
374 1 442 16 16
375 18 442 16 16
376 35 442 16 16
377 52 442 16 16
378 69 442 16 16
379 86 442 16 16
380 103 442 16 16
381 120 442 16 16
382 137 442 16 16
383 154 442 16 16
384 171 442 16 16
385 188 442 16 16
386 205 442 16 16
387 222 442 16 16
388 239 442 16 16
389 256 442 16 16
390 1 459 16 16
391 18 459 16 16
392 35 459 16 16
393 52 459 16 16
394 69 459 16 16
395 86 459 16 16
396 103 459 16 16
397 120 459 16 16
398 137 459 16 16
399 154 459 16 16
400 171 459 16 16
401 188 459 16 16
402 205 459 16 16
403 222 459 16 16
404 239 459 16 16
405 256 459 16 16
406 1 484 16 8
407 18 476 16 16
408 35 476 16 16
409 52 484 16 8
410 69 476 16 16
411 86 476 16 16
412 103 476 16 16
413 120 476 16 16
414 137 476 16 16
415 154 476 16 16
416 171 476 16 16
417 188 476 16 16
418 205 476 16 16
419 222 476 16 16
420 239 476 16 16
421 256 476 16 16
422 1 493 16 16
423 18 493 16 16
424 35 493 16 16
425 52 493 16 16
426 69 493 16 16
427 86 493 16 16
428 103 493 16 16
429 120 493 16 16
430 137 493 16 16
431 154 493 16 16
432 171 493 16 16
433 188 493 16 16
434 205 493 16 16
435 222 493 16 16
436 239 493 16 16
437 256 493 16 16
438 1 510 16 16
439 18 510 16 16
440 35 510 16 16
441 52 510 16 16
442 69 510 16 16
443 86 510 16 16
444 103 510 16 16
445 120 510 16 16
446 137 510 16 16
447 154 510 16 16
448 171 510 16 16
449 188 510 16 16
450 205 510 16 16
451 222 510 16 16
452 239 510 16 16
453 256 510 16 16
454 1 527 16 8
455 18 527 16 16
456 35 527 16 16
457 52 527 16 8
458 69 527 16 16
459 86 527 16 16
460 103 527 16 16
461 120 527 16 16
462 137 527 16 16
463 154 527 16 16
464 171 527 16 16
465 188 527 16 16
466 205 527 16 16
467 222 527 16 16
468 239 527 16 16
469 256 527 16 16
470 1 552 16 8
471 18 544 16 16
472 35 544 16 16
473 52 552 16 8
474 70 545 4 4
475 75 550 4 4
476 80 555 4 4
477 87 555 4 4
478 92 550 4 4
479 97 545 4 4
480 108 549 6 6
481 124 548 9 9
482 137 544 13 13
483 158 544 12 13
484 171 548 13 12
485 192 548 12 12
486 205 544 11 11
487 227 544 11 11
488 239 549 11 11
489 261 549 11 11
490 1 561 16 16
491 18 561 16 8
492 35 561 16 8
493 52 561 16 16
494 69 561 13 13
495 86 561 16 13
496 103 561 16 13
497 120 561 16 16
498 137 561 13 16
499 154 561 13 16
500 171 561 13 13
501 188 561 16 13
502 209 561 12 13
503 226 561 12 13
504 243 561 12 16
505 260 561 12 16
506 1 578 16 16
507 18 578 16 13
508 35 578 13 16
509 52 578 13 16
510 69 578 16 16
511 86 582 16 12
512 103 582 16 12
513 120 582 13 12
514 137 582 13 12
515 154 578 16 16
516 175 578 12 16
517 192 578 12 16
518 209 582 12 12
519 226 582 12 12
520 239 582 16 12
521 256 582 16 12
522 1 595 16 16
523 18 595 16 16
524 35 595 16 16
525 52 595 16 16
526 69 595 16 16
527 86 595 16 16
528 103 595 16 16
529 120 595 16 16
530 137 595 16 16
531 154 595 16 16
532 171 595 16 16
533 188 595 16 16
534 205 595 16 16
535 222 595 16 16
536 239 595 16 16
537 256 595 16 16
538 1 629 16 16
539 18 630 16 15
540 35 629 16 16
541 52 629 16 16
542 69 630 16 15
543 86 629 16 16
544 103 629 16 16
545 120 629 16 16
546 137 629 16 16
547 154 629 16 16
548 171 629 16 16
549 188 629 16 16
550 205 629 16 16
551 222 629 16 16
552 239 629 16 16
553 256 629 16 16
554 1 646 16 16
555 18 646 16 15
556 35 646 16 16
557 52 646 16 16
558 69 646 16 15
559 86 646 16 16
560 104 646 15 16
561 120 646 15 16
562 138 646 15 16
563 154 646 15 16
564 172 646 15 16
565 188 646 15 16
566 205 646 16 16
567 222 646 16 16
568 239 646 16 16
569 1 663 16 15
570 18 663 16 15
571 35 663 16 15
572 70 664 15 15
573 86 663 16 15
574 103 663 16 15
575 120 664 15 15
576 172 664 15 15
577 188 663 16 15
578 205 663 16 15
579 222 664 15 15
580 256 663 15 16
581 1 680 16 15
582 18 680 16 15
583 35 680 16 15
584 52 680 16 15
585 69 680 15 15
586 121 680 15 15
587 137 680 16 15
588 154 680 16 15
589 171 680 15 15
590 223 680 15 15
591 239 680 16 15
592 259 680 9 16
593 1 697 16 15
594 18 697 16 15
595 35 697 16 15
596 70 698 15 15
597 86 697 16 15
598 103 697 16 15
599 120 698 15 15
600 172 698 15 15
601 188 697 16 15
602 205 697 16 15
603 222 698 15 15
604 256 697 15 16
605 1 714 16 15
606 18 714 16 15
607 35 714 16 15
608 52 714 16 15
609 69 714 15 15
610 121 714 15 15
611 137 714 16 15
612 154 714 16 15
613 171 714 15 15
614 223 714 15 15
615 239 714 16 15
616 259 714 9 16
617 1 731 16 16
618 20 733 5 5
619 20 740 5 5
620 27 733 5 5
621 27 740 5 5
622 35 731 16 16
623 56 734 8 8
