1 18 0 16 16
2 35 0 16 16
3 52 0 16 16
4 69 0 16 16
5 86 0 16 16
6 103 0 16 16
7 123 0 10 16
8 137 0 16 15
9 154 0 16 15
10 171 0 16 15
11 188 0 16 16
12 205 1 16 15
13 222 0 16 16
14 239 0 16 16
15 256 0 16 16
16 2 18 13 15
17 21 18 12 15
18 35 17 16 16
19 55 20 12 13
20 69 17 15 16
21 86 17 16 16
22 112 17 7 16
23 120 17 7 16
24 137 17 16 15
25 154 17 16 15
26 171 17 16 15
27 188 17 16 16
28 205 17 16 15
29 222 17 16 16
30 240 17 15 16
31 256 17 15 16
32 1 42 16 8
33 18 42 16 8
34 35 42 16 8
35 52 34 16 16
36 69 34 16 16
37 86 34 16 16
38 112 34 7 16
39 120 34 7 16
40 137 34 16 15
41 154 34 16 15
42 171 34 16 15
43 188 34 16 15
44 205 34 16 15
45 222 34 16 15
46 239 34 16 16
47 256 34 16 16
48 1 51 16 16
49 18 51 16 16
50 35 51 16 16
51 52 51 16 16
52 69 51 16 16
53 86 51 16 16
54 104 51 14 16
55 120 51 16 16
56 137 51 16 16
57 154 51 16 16
58 171 51 16 16
59 188 51 16 16
60 205 51 16 16
61 222 51 16 16
62 239 51 16 14
63 256 51 16 16
64 1 68 16 16
65 18 68 16 16
66 35 68 16 16
67 52 68 16 16
68 69 68 16 16
69 86 68 16 16
70 104 68 14 16
71 128 68 8 16
72 137 68 16 16
73 154 68 8 16
74 171 68 16 16
75 188 68 16 16
76 205 68 16 16
77 222 68 13 16
78 259 68 13 16
79 5 89 8 9
80 22 89 8 9
81 39 89 8 9
82 56 89 8 9
83 69 85 16 11
84 86 90 16 11
85 103 85 16 16
86 128 85 8 16
87 137 85 16 16
88 154 85 8 16
89 171 85 16 16
90 188 85 16 16
91 205 85 16 16
92 222 85 13 16
93 259 85 13 16
94 1 108 16 4
95 24 102 4 16
96 35 102 16 16
97 52 102 16 16
98 69 102 11 16
99 91 102 11 16
100 103 102 16 16
101 128 102 8 16
102 137 102 16 16
103 154 102 8 16
104 171 102 16 16
105 188 102 16 16
106 205 102 16 16
107 222 102 13 11
108 259 102 13 11
109 5 123 12 9
110 18 123 13 9
111 39 123 9 12
112 56 119 9 13
113 73 123 12 12
114 86 119 13 13
115 107 119 12 13
116 120 123 13 12
117 137 119 16 16
118 154 119 16 16
119 171 119 16 16
120 188 119 16 16
121 205 119 16 16
122 223 119 15 14
123 239 119 16 16
124 256 122 15 13
125 6 141 11 6
126 18 141 11 6
127 40 141 6 11
128 57 136 6 11
129 74 141 11 11
130 86 136 11 11
131 108 136 11 11
132 120 141 11 11
133 141 139 8 8
134 154 136 16 16
135 171 136 16 16
136 188 136 16 16
137 205 136 16 16
138 223 137 15 13
139 239 136 16 16
140 256 138 15 14
141 1 158 16 6
142 23 153 6 16
143 35 153 16 16
144 52 153 16 16
145 74 153 11 11
146 91 158 11 11
147 103 158 11 11
148 120 153 11 11
149 142 153 11 11
150 159 153 11 16
151 171 153 11 16
152 188 153 11 11
153 210 158 11 11
154 222 158 16 11
155 239 153 16 11
156 261 153 11 11
157 1 175 11 11
158 18 170 11 16
159 40 170 11 16
160 57 175 11 11
161 69 170 11 11
162 86 170 16 11
163 103 175 16 11
164 120 175 11 11
165 151 184 2 2
166 154 176 16 10
167 177 170 10 16
168 188 170 2 2
169 211 170 10 16
170 222 184 2 2
171 253 170 2 2
172 256 170 16 10
173 1 193 16 10
174 18 201 2 2
175 49 187 2 2
176 52 187 10 16
177 83 201 2 2
178 86 187 10 16
179 103 187 16 10
180 120 187 2 2
181 137 187 16 16
182 154 187 16 16
183 171 187 16 16
184 188 187 16 16
185 205 187 16 16
186 222 187 16 16
187 239 187 16 16
188 256 187 16 16
189 1 204 16 16
190 18 204 16 16
191 35 204 16 16
192 52 204 16 16
193 69 204 16 16
194 86 204 16 16
195 103 204 16 16
196 120 204 16 16
197 137 204 16 16
198 154 204 16 16
199 171 204 16 16
200 188 204 16 16
201 205 204 16 16
202 222 204 16 16
203 239 204 16 16
204 256 204 16 16
205 1 221 16 16
206 18 221 16 16
207 35 221 16 16
208 52 221 16 16
209 69 221 16 16
210 86 221 16 16
211 103 221 16 16
212 120 221 16 16
213 137 221 16 16
214 154 221 16 16
215 171 221 16 16
216 188 221 16 16
217 205 221 16 16
218 222 221 16 16
219 239 221 16 16
220 256 221 16 16
221 1 238 16 16
222 18 238 16 16
223 35 238 16 16
224 52 238 16 16
225 69 238 16 16
226 86 238 16 16
227 103 238 16 16
228 120 238 16 16
229 137 238 16 16
230 154 238 16 16
231 171 238 16 16
232 188 238 16 16
233 205 238 16 16
234 222 238 16 16
235 239 238 16 16
236 256 238 16 16
237 1 255 16 16
238 18 255 16 16
239 35 255 16 16
240 52 255 16 16
241 69 255 16 16
242 86 255 16 16
243 103 255 16 16
244 120 255 16 16
245 137 255 16 16
246 154 255 16 16
247 171 255 16 16
248 188 255 16 16
249 205 255 16 16
250 222 255 16 16
251 239 255 16 16
252 1 272 16 16
253 18 275 16 10
254 35 278 16 4
255 52 275 16 10
256 87 273 15 15
257 103 272 16 15
258 120 272 16 15
259 137 273 15 15
260 189 273 15 15
261 205 272 16 15
262 222 272 16 15
263 239 273 15 15
264 1 289 16 16
265 22 292 8 8
266 69 289 16 15
267 86 289 15 15
268 138 289 15 15
269 154 289 16 15
270 171 289 16 15
271 188 289 15 15
272 240 289 15 15
273 256 289 16 15
274 87 307 15 15
275 103 306 16 15
276 120 306 16 15
277 137 307 15 15
278 189 307 15 15
279 205 306 16 15
280 222 306 16 15
281 239 307 15 15
282 69 323 16 15
283 86 323 15 15
284 138 323 15 15
285 154 323 16 15
286 171 323 16 15
287 188 323 15 15
288 240 323 15 15
289 256 323 16 15
290 87 341 15 15
291 103 340 16 15
292 120 340 16 15
293 137 341 15 15
294 189 341 15 15
295 205 340 16 15
296 222 340 16 15
297 239 341 15 15
298 35 357 16 16
299 52 357 16 16
300 69 357 16 15
301 86 357 15 15
302 138 357 15 15
303 154 357 16 15
304 171 357 16 15
305 188 357 15 15
306 240 357 15 15
307 256 357 16 15
308 36 385 4 4
309 36 375 4 4
310 36 380 3 4
311 41 386 4 3
312 41 375 4 3
313 46 375 4 4
314 46 385 4 4
315 47 380 3 4
316 53 375 4 4
317 53 380 3 4
318 53 385 4 4
319 58 386 4 3
320 58 375 4 3
321 63 375 4 4
322 63 385 4 4
323 64 380 3 4
324 87 375 15 15
325 103 374 16 15
326 120 374 16 15
327 137 375 15 15
328 189 375 15 15
329 205 374 16 15
330 222 374 16 15
331 239 375 15 15
332 35 391 16 16
333 52 391 16 16
334 69 391 16 15
335 86 391 15 15
336 138 391 15 15
337 154 391 16 15
338 171 391 16 15
339 188 391 15 15
340 240 391 15 15
341 256 391 16 15
342 1 408 16 16
343 18 408 16 16
344 36 408 15 16
345 52 408 15 16
346 69 408 16 16
347 86 409 16 15
348 103 408 16 16
349 171 408 16 15
350 188 408 16 15
351 205 408 16 15
352 222 408 16 15
353 239 408 16 15
354 256 408 16 15
355 1 425 16 16
356 18 425 16 16
357 35 425 15 16
358 53 425 15 16
359 69 425 16 16
360 86 425 16 15
361 103 425 16 16
362 171 425 16 15
363 188 425 16 15
364 205 425 16 15
365 222 425 16 15
366 239 425 16 15
367 256 425 16 15
368 1 442 16 16
369 18 442 16 16
370 35 442 16 16
371 52 442 16 16
372 69 442 16 16
373 86 442 16 16
374 103 442 16 16
375 120 442 16 16
376 137 442 16 16
377 154 442 16 16
378 171 442 16 16
379 188 442 16 16
380 205 442 16 16
381 222 442 16 16
382 239 442 16 16
383 256 442 16 16
384 1 459 16 16
385 18 459 16 16
386 35 459 16 16
387 52 459 16 16
388 69 459 16 16
389 86 459 16 16
390 103 459 16 16
391 120 459 16 16
392 137 459 16 16
393 154 459 16 16
394 171 459 16 16
395 188 459 16 16
396 205 459 16 16
397 222 459 16 16
398 239 459 16 16
399 256 459 16 16
400 1 484 16 8
401 18 476 16 16
402 35 476 16 16
403 52 484 16 8
404 69 476 16 16
405 86 476 16 16
406 103 476 16 16
407 120 476 16 16
408 137 476 16 16
409 154 476 16 16
410 171 476 16 16
411 188 476 16 16
412 205 476 16 16
413 222 476 16 16
414 239 476 16 16
415 256 476 16 16
416 1 493 16 16
417 18 493 16 16
418 35 493 16 16
419 52 493 16 16
420 69 493 16 16
421 86 493 16 16
422 103 493 16 16
423 120 493 16 16
424 137 493 16 16
425 154 493 16 16
426 171 493 16 16
427 188 493 16 16
428 205 493 16 16
429 222 493 16 16
430 239 493 16 16
431 256 493 16 16
432 1 510 16 16
433 18 510 16 16
434 35 510 16 16
435 52 510 16 16
436 69 510 16 16
437 86 510 16 16
438 103 510 16 16
439 120 510 16 16
440 137 510 16 16
441 154 510 16 16
442 171 510 16 16
443 188 510 16 16
444 205 510 16 16
445 222 510 16 16
446 239 510 16 16
447 256 510 16 16
448 1 527 16 8
449 18 527 16 16
450 35 527 16 16
451 52 527 16 8
452 69 527 16 16
453 86 527 16 16
454 103 527 16 16
455 120 527 16 16
456 137 527 16 16
457 154 527 16 16
458 171 527 16 16
459 188 527 16 16
460 205 527 16 16
461 222 527 16 16
462 239 527 16 16
463 256 527 16 16
464 7 551 10 9
465 18 544 16 16
466 35 544 16 16
467 52 551 10 9
468 70 545 4 4
469 75 550 4 4
470 80 555 4 4
471 87 555 4 4
472 92 550 4 4
473 97 545 4 4
474 108 549 6 6
475 124 548 9 9
476 137 544 13 13
477 158 544 12 13
478 171 548 13 12
479 192 548 12 12
480 205 544 11 11
481 227 544 11 11
482 239 549 11 11
483 261 549 11 11
484 1 561 16 16
485 18 561 10 9
486 41 561 10 9
487 52 561 16 16
488 69 561 13 13
489 86 561 16 13
490 103 561 16 13
491 120 561 16 16
492 137 561 13 16
493 154 561 13 16
494 171 561 13 13
495 188 561 16 13
496 209 561 12 13
497 226 561 12 13
498 243 561 12 16
499 260 561 12 16
500 1 578 16 16
501 18 578 16 13
502 35 578 13 16
503 52 578 13 16
504 69 578 16 16
505 86 582 16 12
506 103 582 16 12
507 120 582 13 12
508 137 582 13 12
509 154 578 16 16
510 175 578 12 16
511 192 578 12 16
512 209 582 12 12
513 226 582 12 12
514 239 582 16 12
515 256 582 16 12
516 1 595 16 16
517 18 595 16 16
518 35 595 16 16
519 52 595 16 16
520 69 595 16 16
521 86 595 16 16
522 103 595 16 16
523 120 595 16 16
524 137 595 16 16
525 154 595 16 16
526 171 595 16 16
527 188 595 16 16
528 205 595 16 16
529 222 595 16 16
530 239 595 16 16
531 256 595 16 16
532 1 629 16 16
533 18 630 16 15
534 35 629 16 16
535 52 629 16 16
536 69 630 16 15
537 86 629 16 16
538 103 629 16 16
539 120 629 16 16
540 137 629 16 16
541 154 629 16 16
542 171 629 16 16
543 188 629 16 16
544 205 629 16 16
545 222 629 16 16
546 239 629 16 16
547 256 629 16 16
548 1 646 16 16
549 18 646 16 15
550 35 646 16 16
551 52 646 16 16
552 69 646 16 15
553 86 646 16 16
554 104 646 15 16
555 120 646 15 16
556 138 646 15 16
557 154 646 15 16
558 172 646 15 16
559 188 646 15 16
560 205 646 16 16
561 222 646 16 16
562 239 646 16 16
563 1 663 16 15
564 18 663 16 15
565 35 663 16 15
566 70 664 15 15
567 86 663 16 15
568 103 663 16 15
569 120 664 15 15
570 172 664 15 15
571 188 663 16 15
572 205 663 16 15
573 222 664 15 15
574 256 663 15 16
575 1 680 16 15
576 18 680 16 15
577 35 680 16 15
578 52 680 16 15
579 69 680 15 15
580 121 680 15 15
581 137 680 16 15
582 154 680 16 15
583 171 680 15 15
584 223 680 15 15
585 239 680 16 15
586 259 680 9 16
587 1 697 16 15
588 18 697 16 15
589 35 697 16 15
590 70 698 15 15
591 86 697 16 15
592 103 697 16 15
593 120 698 15 15
594 172 698 15 15
595 188 697 16 15
596 205 697 16 15
597 222 698 15 15
598 256 697 15 16
599 1 714 16 15
600 18 714 16 15
601 35 714 16 15
602 52 714 16 15
603 69 714 15 15
604 121 714 15 15
605 137 714 16 15
606 154 714 16 15
607 171 714 15 15
608 223 714 15 15
609 239 714 16 15
610 259 714 9 16
611 1 731 16 16
612 20 733 5 5
613 20 740 5 5
614 27 733 5 5
615 27 740 5 5
616 35 731 16 16
617 56 734 8 8
