1 0 0 46 40
2 47 2 45 38
3 93 0 46 40
4 1 41 46 40
5 48 43 52 38
6 101 41 46 40
7 0 82 46 40
8 47 82 43 40
9 91 82 37 40
10 129 82 43 40
11 173 82 46 40
12 0 125 46 39
13 47 129 49 35
14 97 124 46 40
15 144 123 41 42
16 186 123 39 42
17 226 123 41 42
18 268 127 42 38
19 0 168 23 14
20 24 168 23 15
21 0 188 16 15
22 17 187 16 16
23 0 205 16 16
24 0 222 16 16
25 17 204 16 18
26 0 241 16 22
27 17 241 16 22
28 34 239 16 24
29 51 239 16 24
30 0 264 19 24
31 20 265 18 23
32 39 264 19 23
33 59 264 18 23
34 0 289 16 27
35 17 290 16 26
36 0 317 16 16
37 17 317 16 16
38 0 334 16 16
39 17 334 16 16
40 34 334 16 16
41 51 334 16 16
42 0 352 16 15
43 17 351 15 16
44 0 368 16 16
45 17 369 16 15
46 0 385 16 16
47 0 402 16 8
