1 0 0 12 15
2 0 16 11 12
3 12 16 11 12
4 0 29 12 15
5 12 29 15 16
6 0 46 16 16
7 17 46 16 16
8 0 63 14 16
9 0 80 14 16
10 15 80 16 16
11 0 97 16 16
12 17 97 16 16
13 0 114 16 15
14 0 130 16 15
15 17 114 16 15
16 17 130 14 15
17 32 129 14 16
18 0 146 14 15
19 15 146 14 15
20 0 162 15 16
21 0 179 15 16
22 66 0 14 16
23 66 17 14 16
24 81 17 15 16
25 66 34 16 16
26 66 51 15 16
27 82 51 15 16
28 66 74 12 16
29 66 91 12 16
30 78 91 13 16
31 66 108 13 15
32 66 124 13 16
33 80 124 13 16
34 66 146 12 8
35 66 155 11 5
36 66 162 12 8
37 79 161 12 9
38 66 171 11 4
39 78 171 11 5
40 66 183 12 14
41 66 198 12 12
42 66 212 13 13
43 80 212 12 14
44 66 230 12 14
45 79 230 13 14