1 254 0 14 27
2 254 28 14 18
3 268 28 14 18
4 254 47 16 27
5 271 48 16 26
6 288 47 14 27
7 254 75 20 27
8 275 76 19 26
9 295 75 19 27
10 256 103 19 20
11 276 103 20 21
12 298 103 20 19
13 319 103 21 20
14 341 103 19 20
15 361 103 20 21
16 382 103 20 19
17 403 103 21 20
18 256 125 16 26
19 273 125 16 26
20 254 152 19 26
21 274 152 19 26
22 254 179 15 27
23 270 179 16 26
24 287 179 14 27
25 254 207 16 26
26 271 207 16 26
27 256 234 19 27
28 276 234 19 27
29 296 234 19 27
30 256 263 19 27
31 276 263 18 27
32 295 263 19 26
33 256 291 16 25
34 273 291 16 25
35 257 317 16 26
36 444 0 14 27
37 444 28 15 27
38 460 29 16 26
39 477 28 14 27
40 444 56 16 26
41 461 56 16 26
42 444 83 21 27
43 445 112 15 27
44 445 140 15 27
45 461 141 16 26
46 478 140 15 27
47 444 168 16 26
48 461 168 16 26
49 444 195 18 26
50 444 222 14 12
51 445 235 14 8
52 445 245 14 8
53 462 244 14 8
54 445 255 14 12
55 461 254 14 12
56 445 269 15 17
57 445 287 14 13
58 444 302 15 17
59 460 301 15 17
60 444 320 14 17
61 460 320 15 17