0 0 0 12 15
1 0 16 11 12
2 12 16 11 12
3 0 29 12 15
4 12 29 15 16
5 0 46 16 16
6 17 46 16 16
7 0 63 14 16
8 0 80 14 16
9 15 80 16 16
10 0 97 16 16
11 17 97 16 16
12 0 114 16 15
13 0 130 16 15
14 17 114 16 15
15 17 130 14 15
16 32 129 14 16
17 0 146 14 15
18 15 146 14 15
19 0 162 15 16
20 0 179 15 16
21 66 0 14 16
22 66 17 14 16
23 81 17 15 16
24 66 34 16 16
25 66 51 15 16
26 82 51 15 16
27 66 74 12 16
28 66 91 12 16
29 78 91 13 16
30 66 108 13 15
31 66 124 13 16
32 80 124 13 16
33 66 146 12 8
34 66 155 11 5
35 66 162 12 8
36 79 161 12 9
37 66 171 11 4
38 78 171 11 5
39 66 183 12 14
40 66 198 12 12
41 66 212 13 13
42 80 212 12 14
43 66 230 12 14
44 79 230 13 14