0 254 0 14 27
1 254 28 14 18
2 268 28 14 18
3 254 47 16 27
4 271 48 16 26
5 288 47 14 27
6 254 75 20 27
7 275 76 19 26
8 295 75 19 27
9 256 103 19 20
10 276 103 20 21
11 298 103 20 19
12 319 103 21 20
13 341 103 19 20
14 361 103 20 21
15 382 103 20 19
16 403 103 21 20
17 256 125 16 26
18 273 125 16 26
19 254 152 19 26
20 274 152 19 26
21 254 179 15 27
22 270 179 16 26
23 287 179 14 27
24 254 207 16 26
25 271 207 16 26
26 256 234 19 27
27 276 234 19 27
28 296 234 19 27
29 256 263 19 27
30 276 263 18 27
31 295 263 19 26
32 256 291 16 25
33 273 291 16 25
34 257 317 16 26
35 444 0 14 27
36 444 28 15 27
37 460 29 16 26
38 477 28 14 27
39 444 56 16 26
40 461 56 16 26
41 444 83 21 27
42 445 112 15 27
43 445 140 15 27
44 461 141 16 26
45 478 140 15 27
46 444 168 16 26
47 461 168 16 26
48 444 195 18 26
49 444 222 14 12
50 445 235 14 8
51 445 245 14 8
52 462 244 14 8
53 445 255 14 12
54 461 254 14 12
55 445 269 15 17
56 445 287 14 13
57 444 302 15 17
58 460 301 15 17
59 444 320 14 17
60 460 320 15 17