1 254 0 14 27
2 254 28 14 18
3 268 28 14 18
4 254 47 16 27
5 271 48 16 26
6 288 47 14 27
7 254 75 20 27
8 275 76 19 26
9 295 75 19 27
10 256 103 19 20
11 276 103 20 21
12 298 103 20 19
13 319 103 21 20
14 341 103 19 20
15 361 103 20 21
16 382 103 20 19
17 403 103 21 20
18 256 125 16 26
19 273 125 16 26
20 254 152 19 26
21 274 152 19 26
22 254 179 15 27
23 270 179 16 26
24 287 179 14 27
25 254 207 16 26
26 271 207 16 26
27 256 234 19 27
28 276 234 19 27
29 296 234 19 27
30 256 263 19 27
31 276 263 18 27
32 295 263 19 26
33 256 291 16 25
34 273 291 16 25
35 257 317 16 26
