1 1 41 128 86
2 130 0 128 127
3 259 13 128 114
4 404 7 96 120
5 533 7 96 120
6 662 7 96 120
7 791 7 96 120
8 920 7 96 120
9 17 136 96 120
10 146 136 96 120
11 275 136 96 120
12 404 139 96 96
13 533 136 96 120
14 662 136 96 120
15 791 136 96 120
16 920 136 96 120
17 17 265 96 120
18 146 265 96 120
19 259 269 128 96
20 404 268 96 96
21 533 268 96 96
22 662 268 96 96
23 791 268 96 96
24 920 268 96 96
25 17 397 96 96
26 146 397 96 96
27 275 397 96 96
28 404 397 96 96
29 545 397 72 96
30 662 397 96 96
31 783 389 112 112
32 912 389 112 112
33 9 518 112 112
34 146 526 96 96
35 275 526 96 96
36 404 526 96 96
37 533 526 108 96
38 662 526 96 96
39 791 526 108 96
40 920 526 96 96
41 17 655 108 96
42 150 655 90 96
43 275 655 96 96
44 404 655 96 96
45 539 655 84 96
46 670 652 104 120
47 791 660 96 90
48 920 660 96 90
49 17 785 96 116
50 146 781 96 120
51 275 788 96 92
52 404 791 96 84
53 533 788 96 90
54 662 788 96 90
55 791 784 96 96
56 923 788 90 90
57 17 910 96 120
58 137 910 114 120
59 275 913 96 96
60 402 917 98 92
61 533 910 96 120
62 662 910 112 120
63 791 913 96 96
64 920 910 96 120
65 17 1042 96 96
66 146 1041 96 118
67 275 1039 96 120
68 404 1039 96 120
69 533 1049 96 110
70 662 1049 96 84
71 791 1039 96 102
72 920 1043 96 96
73 17 1162 98 126
74 146 1177 96 84
75 275 1172 96 96
76 404 1170 96 100
77 533 1171 96 96
78 668 1171 84 96
79 797 1171 84 96
80 920 1168 112 120
81 17 1300 96 96
82 134 1312 120 75
83 275 1299 96 104
84 404 1298 96 102
85 521 1297 124 120
86 662 1299 100 118
87 788 1295 115 116
88 908 1302 120 92
89 5 1431 120 92
90 134 1431 120 92
91 269 1424 108 108
92 404 1430 96 96
93 533 1419 96 127
94 662 1443 96 78
95 783 1426 120 120
96 912 1426 120 120
97 13 1556 108 119
98 146 1548 104 127
99 275 1568 104 107
100 404 1556 104 119
101 529 1572 112 103
102 658 1560 112 115
103 791 1556 108 119
104 938 1548 64 127
105 35 1677 64 127
106 162 1684 64 120
107 291 1684 64 120
108 408 1677 108 127
109 537 1677 108 127
110 654 1690 114 114
111 777 1684 120 120
112 945 1677 45 96
113 42 1806 45 96
114 152 1825 84 78
115 275 1816 96 96
116 404 1813 96 120
117 533 1813 96 120
118 662 1813 96 120
119 803 1828 30 30
120 803 1870 30 30
121 845 1828 30 30
122 845 1870 30 30
123 920 1816 96 96
124 17 1945 96 96
125 146 1945 96 96
126 275 1945 96 96
127 404 1945 96 96
128 533 1935 96 127
129 664 1948 94 92
130 795 1938 96 124
131 920 1970 96 44
132 17 2099 96 44
133 130 2093 128 60
134 259 2093 128 60
135 393 2099 118 60
136 519 2065 126 126
137 654 2067 120 124
138 791 2064 112 105
139 916 2075 104 92
140 23 2209 24 24
141 23 2239 18 24
142 23 2269 24 24
143 53 2209 24 18
144 53 2275 24 18
145 83 2209 24 24
146 83 2269 24 24
147 89 2239 18 24
148 146 2203 96 96
149 275 2203 96 96
150 404 2203 96 96
151 533 2203 96 96
152 662 2200 112 120
153 775 2200 114 120
154 920 2222 96 60
155 17 2351 96 60
156 131 2344 126 75
157 260 2344 126 75
158 408 2335 88 88
159 531 2331 100 100
160 647 2322 93 126
161 739 2414 16 16
162 753 2428 16 16
163 780 2322 122 126
164 905 2355 127 93
165 909 2326 16 16
166 923 2340 16 16
167 2 2451 127 93
168 6 2557 16 16
169 20 2543 16 16
170 130 2484 127 93
171 223 2469 16 16
172 237 2455 16 16
173 259 2451 127 93
174 352 2543 16 16
175 366 2557 16 16
176 389 2451 93 127
177 481 2469 16 16
178 495 2455 16 16
179 522 2451 122 127
180 662 2460 95 100
181 792 2460 95 95
182 918 2460 100 100
183 15 2589 100 95
184 144 2589 100 100
185 273 2589 100 100
186 416 2590 78 96
187 533 2589 96 98
188 674 2591 78 96
189 781 2585 96 98
190 920 2591 96 98
