1 0 0 128 86
2 133 0 129 126
3 267 0 129 114
4 0 133 128 87
5 133 133 130 127
6 268 133 128 115
7 411 133 128 86
8 540 133 128 115
9 673 133 128 114
10 0 262 128 86
11 129 262 128 127
12 262 262 128 114
13 403 269 96 120
14 532 269 96 120
15 661 269 96 120
16 790 269 96 120
17 919 269 96 120
18 16 398 96 120
19 145 398 96 120
20 274 398 96 120
21 403 401 96 96
22 532 398 96 120
23 661 398 96 120
24 790 398 96 120
25 919 398 96 120
26 16 527 96 120
27 145 527 96 120
28 258 523 128 114
29 403 530 96 96
30 532 530 96 96
31 661 530 96 96
32 790 530 96 96
33 919 530 96 96
34 16 659 96 96
35 145 659 96 96
36 274 659 96 96
37 403 659 96 96
38 544 659 72 96
39 661 659 96 96
40 782 651 112 112
41 911 651 112 112
42 8 780 112 112
43 145 788 96 96
44 274 788 96 96
45 403 788 96 96
46 532 788 108 96
47 661 788 96 96
48 790 788 108 96
49 919 788 96 96
50 16 917 108 96
51 149 917 90 96
52 274 917 96 96
53 403 917 96 96
54 538 917 84 96
55 669 914 104 120
56 790 922 96 90
57 919 922 96 90
58 16 1047 96 116
59 145 1043 96 120
60 274 1050 96 92
61 403 1053 96 84
62 532 1050 96 90
63 661 1050 96 90
64 790 1046 96 96
65 922 1050 90 90
66 16 1172 96 120
67 136 1172 114 120
68 274 1175 96 96
69 401 1179 98 92
70 532 1172 96 120
71 661 1172 112 120
72 790 1175 96 96
73 919 1172 96 120
74 16 1304 96 96
75 145 1303 96 118
76 274 1301 96 120
77 403 1301 96 120
78 532 1311 96 110
79 661 1311 96 84
80 790 1301 96 102
81 919 1305 96 96
82 16 1424 98 126
83 145 1439 96 84
84 274 1434 96 96
85 403 1432 96 100
86 532 1433 96 96
87 667 1433 84 96
88 796 1433 84 96
89 919 1430 112 120
90 16 1562 96 96
91 133 1574 120 75
92 274 1561 96 104
93 403 1560 96 102
94 520 1559 124 120
95 661 1561 100 118
96 787 1557 115 116
97 907 1564 120 92
98 4 1693 120 92
99 133 1693 120 92
100 268 1686 108 108
101 403 1692 96 96
102 532 1681 96 127
103 661 1705 96 78
104 782 1688 120 120
105 911 1688 120 120
106 12 1818 108 119
107 145 1810 104 127
108 274 1830 104 107
109 403 1818 104 119
110 528 1834 112 103
111 657 1822 112 115
112 790 1818 108 119
113 937 1810 64 127
114 34 1939 64 127
115 161 1946 64 120
116 290 1946 64 120
117 407 1939 108 127
118 536 1939 108 127
119 653 1952 114 114
120 776 1946 120 120
121 944 1939 45 96
122 41 2068 45 96
123 151 2087 84 78
124 274 2078 96 96
125 403 2075 96 120
126 532 2075 96 120
127 661 2075 96 120
128 802 2090 30 30
129 802 2132 30 30
130 844 2090 30 30
131 844 2132 30 30
132 919 2078 96 96
133 16 2207 96 96
134 145 2207 96 96
135 274 2207 96 96
136 403 2207 96 96
137 532 2197 96 127
138 663 2210 94 92
139 794 2200 96 124
140 919 2232 96 44
141 16 2361 96 44
142 129 2355 128 60
143 258 2355 128 60
144 392 2361 118 60
145 518 2327 126 126
146 653 2329 120 124
147 790 2326 112 105
148 915 2337 104 92
149 22 2471 24 24
150 22 2501 18 24
151 22 2531 24 24
152 52 2471 24 18
153 52 2537 24 18
154 82 2471 24 24
155 82 2531 24 24
156 88 2501 18 24
157 145 2465 96 96
158 274 2465 96 96
159 403 2465 96 96
160 532 2465 96 96
161 661 2462 112 120
162 774 2462 114 120
163 919 2484 96 60
164 16 2613 96 60
165 130 2606 126 75
166 259 2606 126 75
167 407 2597 88 88
168 530 2593 100 100
169 646 2584 93 126
170 738 2676 16 16
171 752 2690 16 16
172 779 2584 122 126
173 904 2617 127 93
174 908 2588 16 16
175 922 2602 16 16
176 1 2713 127 93
177 5 2819 16 16
178 19 2805 16 16
179 129 2746 127 93
180 222 2731 16 16
181 236 2717 16 16
182 258 2713 127 93
183 351 2805 16 16
184 365 2819 16 16
185 388 2713 93 127
186 480 2731 16 16
187 494 2717 16 16
188 521 2713 122 127
189 661 2722 95 100
190 791 2722 95 95
191 917 2722 100 100
192 14 2851 100 95
193 143 2851 100 99
194 272 2851 100 99
195 415 2852 78 96
196 532 2851 96 98
197 673 2853 78 96
198 780 2847 96 98
199 919 2853 96 97
