1 0 42 128 86
2 129 1 128 127
3 258 14 128 114
4 403 8 96 120
5 532 8 96 120
6 661 8 96 120
7 790 8 96 120
8 919 8 96 120
9 16 137 96 120
10 145 137 96 120
11 274 137 96 120
12 403 140 96 96
13 532 137 96 120
14 661 137 96 120
15 790 137 96 120
16 919 137 96 120
17 16 266 96 120
18 145 266 96 120
19 258 262 128 114
20 403 269 96 96
21 532 269 96 96
22 661 269 96 96
23 790 269 96 96
24 919 269 96 96
25 16 398 96 96
26 145 398 96 96
27 274 398 96 96
28 403 398 96 96
29 544 398 72 96
30 661 398 96 96
31 782 390 112 112
32 911 390 112 112
33 8 519 112 112
34 145 527 96 96
35 274 527 96 96
36 403 527 96 96
37 532 527 108 96
38 661 527 96 96
39 790 527 108 96
40 919 527 96 96
41 16 656 108 96
42 149 656 90 96
43 274 656 96 96
44 403 656 96 96
45 538 656 84 96
46 669 653 104 120
47 790 661 96 90
48 919 661 96 90
49 16 786 96 116
50 145 782 96 120
51 274 789 96 92
52 403 792 96 84
53 532 789 96 90
54 661 789 96 90
55 790 785 96 96
56 922 789 90 90
57 16 911 96 120
58 136 911 114 120
59 274 914 96 96
60 401 918 98 92
61 532 911 96 120
62 661 911 112 120
63 790 914 96 96
64 919 911 96 120
65 16 1043 96 96
66 145 1042 96 118
67 274 1040 96 120
68 403 1040 96 120
69 532 1050 96 110
70 661 1050 96 84
71 790 1040 96 102
72 919 1044 96 96
73 16 1163 98 126
74 145 1178 96 84
75 274 1173 96 96
76 403 1171 96 100
77 532 1172 96 96
78 667 1172 84 96
79 796 1172 84 96
80 919 1169 112 120
81 16 1301 96 96
82 133 1313 120 75
83 274 1300 96 104
84 403 1299 96 102
85 520 1298 124 120
86 661 1300 100 118
87 787 1296 115 116
88 907 1303 120 92
89 4 1432 120 92
90 133 1432 120 92
91 268 1425 108 108
92 403 1431 96 96
93 532 1420 96 127
94 661 1444 96 78
95 782 1427 120 120
96 911 1427 120 120
97 12 1557 108 119
98 145 1549 104 127
99 274 1569 104 107
100 403 1557 104 119
101 528 1573 112 103
102 657 1561 112 115
103 790 1557 108 119
104 937 1549 64 127
105 34 1678 64 127
106 161 1685 64 120
107 290 1685 64 120
108 407 1678 108 127
109 536 1678 108 127
110 653 1691 114 114
111 776 1685 120 120
112 944 1678 45 96
113 41 1807 45 96
114 151 1826 84 78
115 274 1817 96 96
116 403 1814 96 120
117 532 1814 96 120
118 661 1814 96 120
119 802 1829 30 30
120 802 1871 30 30
121 844 1829 30 30
122 844 1871 30 30
123 919 1817 96 96
124 16 1946 96 96
125 145 1946 96 96
126 274 1946 96 96
127 403 1946 96 96
128 532 1936 96 127
129 663 1949 94 92
130 794 1939 96 124
131 919 1971 96 44
132 16 2100 96 44
133 129 2094 128 60
134 258 2094 128 60
135 392 2100 118 60
136 518 2066 126 126
137 653 2068 120 124
138 790 2065 112 105
139 915 2076 104 92
140 22 2210 24 24
141 22 2240 18 24
142 22 2270 24 24
143 52 2210 24 18
144 52 2276 24 18
145 82 2210 24 24
146 82 2270 24 24
147 88 2240 18 24
148 145 2204 96 96
149 274 2204 96 96
150 403 2204 96 96
151 532 2204 96 96
152 661 2201 112 120
153 774 2201 114 120
154 919 2223 96 60
155 16 2352 96 60
156 130 2345 126 75
157 259 2345 126 75
158 407 2336 88 88
159 530 2332 100 100
160 646 2323 93 126
161 738 2415 16 16
162 752 2429 16 16
163 779 2323 122 126
164 904 2356 127 93
165 908 2327 16 16
166 922 2341 16 16
167 1 2452 127 93
168 5 2558 16 16
169 19 2544 16 16
170 129 2485 127 93
171 222 2470 16 16
172 236 2456 16 16
173 258 2452 127 93
174 351 2544 16 16
175 365 2558 16 16
176 388 2452 93 127
177 480 2470 16 16
178 494 2456 16 16
179 521 2452 122 127
180 661 2461 95 100
181 791 2461 95 95
182 917 2461 100 100
183 14 2590 100 95
184 143 2590 100 100
185 272 2590 100 100
186 415 2591 78 96
187 532 2590 96 98
188 673 2592 78 96
189 780 2586 96 98
190 919 2592 96 98
