1 0 41 128 86
2 129 0 128 127
3 258 13 128 114
4 403 7 96 120
5 532 7 96 120
6 661 7 96 120
7 790 7 96 120
8 919 7 96 120
9 16 136 96 120
10 145 136 96 120
11 274 136 96 120
12 403 139 96 96
13 532 136 96 120
14 661 136 96 120
15 790 136 96 120
16 919 136 96 120
17 16 265 96 120
18 145 265 96 120
19 258 261 128 114
20 403 268 96 96
21 532 268 96 96
22 661 268 96 96
23 790 268 96 96
24 919 268 96 96
25 16 397 96 96
26 145 397 96 96
27 274 397 96 96
28 403 397 96 96
29 544 397 72 96
30 661 397 96 96
31 782 389 112 112
32 911 389 112 112
33 8 518 112 112
34 145 526 96 96
35 274 526 96 96
36 403 526 96 96
37 532 526 108 96
38 661 526 96 96
39 790 526 108 96
40 919 526 96 96
41 16 655 108 96
42 149 655 90 96
43 274 655 96 96
44 403 655 96 96
45 538 655 84 96
46 669 652 104 120
47 790 660 96 90
48 919 660 96 90
49 16 785 96 116
50 145 781 96 120
51 274 788 96 92
52 403 791 96 84
53 532 788 96 90
54 661 788 96 90
55 790 784 96 96
56 922 788 90 90
57 16 910 96 120
58 136 910 114 120
59 274 913 96 96
60 401 917 98 92
61 532 910 96 120
62 661 910 112 120
63 790 913 96 96
64 919 910 96 120
65 16 1042 96 96
66 145 1041 96 118
67 274 1039 96 120
68 403 1039 96 120
69 532 1049 96 110
70 661 1049 96 84
71 790 1039 96 102
72 919 1043 96 96
73 16 1162 98 126
74 145 1177 96 84
75 274 1172 96 96
76 403 1170 96 100
77 532 1171 96 96
78 667 1171 84 96
79 796 1171 84 96
80 919 1168 112 120
81 16 1300 96 96
82 133 1312 120 75
83 274 1299 96 104
84 403 1298 96 102
85 520 1297 124 120
86 661 1299 100 118
87 787 1295 115 116
88 907 1302 120 92
89 4 1431 120 92
90 133 1431 120 92
91 268 1424 108 108
92 403 1430 96 96
93 532 1419 96 127
94 661 1443 96 78
95 782 1426 120 120
96 911 1426 120 120
97 12 1556 108 119
98 145 1548 104 127
99 274 1568 104 107
100 403 1556 104 119
101 528 1572 112 103
102 657 1560 112 115
103 790 1556 108 119
104 937 1548 64 127
105 34 1677 64 127
106 161 1684 64 120
107 290 1684 64 120
108 407 1677 108 127
109 536 1677 108 127
110 653 1690 114 114
111 776 1684 120 120
112 944 1677 45 96
113 41 1806 45 96
114 151 1825 84 78
115 274 1816 96 96
116 403 1813 96 120
117 532 1813 96 120
118 661 1813 96 120
119 802 1828 30 30
120 802 1870 30 30
121 844 1828 30 30
122 844 1870 30 30
123 919 1816 96 96
124 16 1945 96 96
125 145 1945 96 96
126 274 1945 96 96
127 403 1945 96 96
128 532 1935 96 127
129 663 1948 94 92
130 794 1938 96 124
131 919 1970 96 44
132 16 2099 96 44
133 129 2093 128 60
134 258 2093 128 60
135 392 2099 118 60
136 518 2065 126 126
137 653 2067 120 124
138 790 2064 112 105
139 915 2075 104 92
140 22 2209 24 24
141 22 2239 18 24
142 22 2269 24 24
143 52 2209 24 18
144 52 2275 24 18
145 82 2209 24 24
146 82 2269 24 24
147 88 2239 18 24
148 145 2203 96 96
149 274 2203 96 96
150 403 2203 96 96
151 532 2203 96 96
152 661 2200 112 120
153 774 2200 114 120
154 919 2222 96 60
155 16 2351 96 60
156 130 2344 126 75
157 259 2344 126 75
158 407 2335 88 88
159 530 2331 100 100
160 646 2322 93 126
161 738 2414 16 16
162 752 2428 16 16
163 779 2322 122 126
164 904 2355 127 93
165 908 2326 16 16
166 922 2340 16 16
167 1 2451 127 93
168 5 2557 16 16
169 19 2543 16 16
170 129 2484 127 93
171 222 2469 16 16
172 236 2455 16 16
173 258 2451 127 93
174 351 2543 16 16
175 365 2557 16 16
176 388 2451 93 127
177 480 2469 16 16
178 494 2455 16 16
179 521 2451 122 127
180 661 2460 95 100
181 791 2460 95 95
182 917 2460 100 100
183 14 2589 100 95
184 143 2589 100 100
185 272 2589 100 100
186 415 2590 78 96
187 532 2589 96 98
188 673 2591 78 96
189 780 2585 96 98
190 919 2591 96 98
