1 1 40 128 86
2 130 0 128 126
3 259 12 128 114
4 404 6 96 120
5 533 6 96 120
6 662 6 96 120
7 791 6 96 120
8 920 6 96 120
9 17 135 96 120
10 146 135 96 120
11 275 135 96 120
12 404 138 96 96
13 533 135 96 120
14 662 135 96 120
15 791 135 96 120
16 920 135 96 120
17 17 264 96 120
18 146 264 96 120
19 259 268 128 96
20 404 267 96 96
21 533 267 96 96
22 662 267 96 96
23 791 267 96 96
24 920 267 96 96
25 17 396 96 96
26 146 396 96 96
27 275 396 96 96
28 404 396 96 96
29 545 396 72 96
30 662 396 96 96
31 783 388 112 112
32 912 388 112 112
33 9 517 112 112
34 146 525 96 96
35 275 525 96 96
36 404 525 96 96
37 533 525 108 96
38 662 525 96 96
39 791 525 108 96
40 920 525 96 96
41 17 654 108 96
42 150 654 90 96
43 275 654 96 96
44 404 654 96 96
45 539 654 84 96
46 670 651 104 120
47 791 659 96 90
48 920 659 96 90
49 17 784 96 116
50 146 780 96 120
51 275 787 96 92
52 404 790 96 84
53 533 787 96 90
54 662 787 96 90
55 791 783 96 96
56 923 787 90 90
57 17 909 96 120
58 137 909 114 120
59 275 912 96 96
60 402 916 98 92
61 533 909 96 120
62 662 909 112 120
63 791 912 96 96
64 920 909 96 120
65 17 1041 96 96
66 146 1040 96 118
67 275 1038 96 120
68 404 1038 96 120
69 533 1048 96 110
70 662 1048 96 84
71 791 1038 96 102
72 920 1042 96 96
73 17 1161 98 126
74 146 1176 96 84
75 275 1171 96 96
76 404 1169 96 100
77 533 1170 96 96
78 668 1170 84 96
79 797 1170 84 96
80 920 1167 112 120
81 17 1299 96 96
82 134 1311 120 75
83 275 1298 96 104
84 404 1297 96 102
85 521 1296 124 120
86 662 1298 100 118
87 788 1294 115 116
88 908 1301 120 92
89 5 1430 120 92
90 134 1430 120 92
91 269 1423 108 108
92 404 1429 96 96
93 533 1418 96 127
94 662 1442 96 78
95 783 1425 120 120
96 912 1425 120 120
97 13 1555 108 119
98 146 1547 104 127
99 275 1567 104 107
100 404 1555 104 119
101 529 1571 112 103
102 658 1559 112 115
103 791 1555 108 119
104 938 1547 64 127
105 35 1676 64 127
106 162 1683 64 120
107 291 1683 64 120
108 408 1676 108 127
109 537 1676 108 127
110 654 1689 114 114
111 777 1683 120 120
112 945 1676 45 96
113 42 1805 45 96
114 152 1824 84 78
115 275 1815 96 96
116 404 1812 96 120
117 533 1812 96 120
118 662 1812 96 120
119 803 1827 30 30
120 803 1869 30 30
121 845 1827 30 30
122 845 1869 30 30
123 920 1815 96 96
124 17 1944 96 96
125 146 1944 96 96
126 275 1944 96 96
127 404 1944 96 96
128 533 1934 96 127
129 664 1947 94 92
130 795 1937 96 124
131 920 1969 96 44
132 17 2098 96 44
133 130 2092 128 60
134 259 2092 128 60
135 393 2098 118 60
136 519 2064 126 126
137 654 2066 120 124
138 791 2063 112 105
139 916 2074 104 92
140 23 2208 24 24
141 23 2238 18 24
142 23 2268 24 24
143 53 2208 24 18
144 53 2274 24 18
145 83 2208 24 24
146 83 2268 24 24
147 89 2238 18 24
148 146 2202 96 96
149 275 2202 96 96
150 404 2202 96 96
151 533 2202 96 96
152 662 2199 112 120
153 775 2199 114 120
154 920 2221 96 60
155 17 2350 96 60
156 131 2343 126 75
157 260 2343 126 75
158 408 2334 88 88
159 531 2330 100 100
160 647 2321 93 126
161 739 2413 16 16
162 753 2427 16 16
163 780 2321 122 126
164 905 2354 127 93
165 909 2325 16 16
166 923 2339 16 16
167 2 2450 127 93
168 6 2556 16 16
169 20 2542 16 16
170 130 2483 127 93
171 223 2468 16 16
172 237 2454 16 16
173 259 2450 127 93
174 352 2542 16 16
175 366 2556 16 16
176 389 2450 93 127
177 481 2468 16 16
178 495 2454 16 16
179 522 2450 122 127
180 662 2459 95 100
181 792 2459 95 95
182 918 2459 100 100
183 15 2588 100 95
184 144 2588 100 100
185 273 2588 100 100
186 416 2589 78 96
187 533 2588 96 98
188 674 2590 78 96
189 781 2584 96 98
190 920 2590 96 98
