1 1 1 16 16
2 18 1 16 16
3 35 1 16 16
4 52 1 16 16
5 69 1 16 16
6 86 1 16 16
7 103 1 16 16
8 120 1 16 16
9 137 1 16 16
10 154 1 16 16
11 171 1 16 16
12 188 1 16 16
13 205 1 16 16
14 222 1 16 16
15 239 1 16 16
16 256 1 16 16
17 273 1 16 16
18 290 1 16 16
19 307 1 16 16
20 324 1 16 16
21 341 1 16 16
22 358 1 16 16
23 375 1 16 16
24 397 1 16 15
25 414 1 16 15
26 431 1 16 15
27 448 1 16 15
28 465 1 16 15
29 482 1 16 15
30 499 1 16 15
31 516 1 16 15
32 533 1 16 15
33 550 1 16 15
34 567 1 16 15
35 584 1 16 15
36 601 1 16 15
37 618 1 16 15
38 635 1 16 15
39 652 1 16 15
40 669 1 16 15
41 686 1 16 15
42 703 1 16 15
43 720 1 16 15
44 737 1 16 15
45 754 1 16 15
46 771 1 16 15
47 788 1 16 15
48 806 1 15 15
49 822 1 16 15
50 839 1 15 15
51 856 1 16 15
52 873 1 16 15
53 890 1 16 15
54 907 1 16 15
55 924 1 16 15
56 941 1 16 15
57 958 1 16 15
58 975 1 16 15
59 992 1 16 15
60 3 18 12 16
61 22 18 8 16
62 40 18 6 16
63 56 18 8 16
64 71 18 12 16
65 90 18 8 16
66 108 18 6 16
67 124 18 8 16
68 137 18 16 16
69 156 18 12 16
70 176 18 6 16
71 190 18 12 16
72 205 18 16 16
73 224 18 12 16
74 244 18 6 16
75 258 18 12 16
76 324 18 16 16
77 341 18 16 16
78 358 18 16 16
79 375 18 16 16
80 397 18 16 15
81 414 18 16 15
82 431 18 16 15
83 448 18 16 15
84 465 18 16 15
85 482 18 16 15
86 499 18 16 15
87 516 18 16 15
88 533 18 16 15
89 550 18 16 15
90 567 18 16 15
91 584 18 16 15
92 601 18 16 15
93 618 18 16 15
94 635 18 16 15
95 652 18 16 15
96 669 18 16 15
97 686 18 16 15
98 703 18 16 15
99 720 18 16 15
100 737 18 16 15
101 754 18 16 15
102 771 18 16 15
103 788 18 16 15
104 806 18 15 15
105 822 18 16 15
106 839 18 15 15
107 856 18 16 15
108 873 18 16 15
109 890 18 16 15
110 907 18 16 15
111 924 18 16 15
112 941 18 16 15
113 958 18 16 15
114 975 18 16 15
115 992 18 16 15
116 1 35 16 16
117 18 35 16 16
118 35 35 16 16
119 52 35 16 16
120 69 35 16 16
121 86 35 16 16
122 103 39 5 8
123 104 48 14 2
124 104 36 14 2
125 109 39 4 8
126 114 39 5 8
127 120 35 16 16
128 137 35 16 16
129 154 35 16 16
130 171 35 16 16
131 188 35 16 16
132 222 35 16 16
133 239 35 16 16
134 259 39 9 8
135 276 39 9 8
136 293 39 9 8
137 326 37 6 7
138 326 45 1 1
139 333 37 1 1
140 343 37 11 11
141 360 37 11 11
142 381 47 1 1
143 383 42 5 6
144 387 40 1 1
145 397 35 16 15
146 414 35 16 15
147 431 35 16 15
148 448 35 16 15
149 465 35 16 15
150 482 35 16 15
151 499 35 16 15
152 516 35 16 15
153 533 35 16 15
154 550 35 16 15
155 567 35 16 15
156 584 35 16 15
157 601 35 16 15
158 618 35 16 15
159 635 35 16 15
160 652 35 16 15
161 669 35 16 15
162 686 35 16 15
163 703 35 16 15
164 720 35 16 15
165 737 35 16 15
166 754 35 16 15
167 771 35 16 15
168 788 35 16 15
169 806 35 15 15
170 822 35 16 15
171 839 35 15 15
172 856 35 16 15
173 873 35 16 15
174 890 35 16 15
175 907 35 16 15
176 924 35 16 15
177 941 35 16 15
178 958 35 16 15
179 975 35 16 15
180 992 35 16 15
181 1 287 32 62
182 1 252 16 32
183 1 201 16 16
184 1 52 16 16
185 1 218 16 11
186 1 235 16 15
187 3 73 28 28
188 5 388 2 2
189 5 393 8 14
190 5 376 9 7
191 5 410 2 2
192 6 169 26 31
193 6 102 24 32
194 6 136 26 31
195 8 352 9 12
196 9 374 1 1
197 15 393 8 14
198 18 252 16 32
199 18 235 16 16
200 18 218 16 11
201 18 205 16 12
202 18 52 16 16
203 19 369 15 14
204 20 351 14 9
205 22 410 2 2
206 22 388 2 2
207 25 384 8 32
208 34 285 32 64
209 35 235 16 15
210 35 252 16 32
211 35 209 16 8
212 35 218 16 11
213 35 52 16 16
214 36 352 11 11
215 36 377 1 1
216 37 381 1 2
217 38 410 2 2
218 38 388 2 2
219 38 368 11 13
220 39 135 25 32
221 39 102 24 32
222 39 73 22 28
223 39 168 25 32
224 40 393 8 14
225 45 380 1 2
226 49 379 1 1
227 49 381 1 2
228 50 393 7 14
229 52 52 16 16
230 52 353 7 12
231 52 218 16 11
232 52 252 16 32
233 52 235 16 16
234 54 382 1 1
235 55 367 8 10
236 55 410 2 2
237 55 388 2 2
238 55 376 1 2
239 58 384 8 32
240 60 201 16 16
241 62 381 1 1
242 64 372 2 6
243 66 382 1 1
244 67 287 32 62
245 67 136 28 31
246 67 169 28 31
247 69 360 2 2
248 69 228 16 1
249 69 252 16 32
250 69 218 16 7
251 70 364 1 1
252 71 410 2 2
253 71 388 2 2
254 71 54 6 7
255 71 398 2 4
256 71 62 1 1
257 71 357 2 2
258 72 102 24 32
259 72 376 1 1
260 72 362 2 2
261 73 372 1 1
262 73 355 1 1
263 73 239 7 7
264 73 360 1 1
265 74 375 1 1
266 75 393 8 14
267 75 358 1 1
268 75 373 1 1
269 75 368 5 4
270 78 54 1 1
271 79 73 8 28
272 79 373 1 1
273 81 374 1 1
274 82 376 1 1
275 85 393 5 14
276 86 252 16 32
277 86 52 16 16
278 86 218 16 11
279 88 410 2 2
280 88 388 2 2
281 89 356 1 1
282 89 377 1 1
283 90 239 7 7
284 90 363 1 1
285 91 384 8 32
286 91 359 1 1
287 92 371 1 2
288 94 370 1 1
289 95 201 12 16
290 96 373 1 2
291 98 375 1 1
292 100 285 32 64
293 103 218 16 10
294 103 252 16 32
295 103 350 16 16
296 103 52 16 16
297 103 367 16 16
298 104 388 2 2
299 104 410 2 2
300 104 396 4 8
301 105 135 25 32
302 105 73 22 28
303 105 168 25 32
304 107 239 7 7
305 110 393 8 14
306 120 367 16 16
307 120 52 16 16
308 120 218 16 10
309 120 252 16 32
310 120 350 16 16
311 120 393 3 14
312 121 388 2 2
313 121 410 2 2
314 124 239 7 7
315 124 384 8 32
316 130 201 8 16
317 133 285 32 64
318 135 73 28 28
319 137 252 16 32
320 137 218 16 10
321 137 350 16 16
322 137 394 6 12
323 137 52 16 16
324 137 367 16 16
325 137 410 2 2
326 137 388 2 2
327 138 168 25 32
328 138 135 25 32
329 141 239 7 7
330 145 393 8 14
331 154 388 2 2
332 154 367 16 16
333 154 350 16 16
334 154 252 16 32
335 154 410 2 2
336 154 55 15 13
337 155 201 24 16
338 155 393 1 14
339 156 221 12 12
340 157 384 8 32
341 158 239 8 7
342 166 285 32 64
343 171 135 25 32
344 171 252 16 32
345 171 350 16 16
346 171 218 16 15
347 171 367 16 16
348 171 73 22 28
349 171 386 38 14
350 171 168 25 32
351 172 55 15 13
352 175 239 8 7
353 184 201 16 16
354 188 252 16 32
355 188 350 16 16
356 188 367 16 16
357 188 52 16 16
358 189 220 14 13
359 192 239 7 7
360 199 285 32 64
361 201 201 16 16
362 204 169 26 31
363 204 136 26 31
364 205 252 16 32
365 205 235 4 4
366 205 218 16 15
367 205 52 16 16
368 209 382 1 1
369 210 379 3 2
370 211 73 8 28
371 211 377 1 1
372 212 352 9 9
373 213 374 1 1
374 213 376 4 5
375 217 382 1 1
376 218 202 16 15
377 223 218 14 16
378 223 278 4 5
379 223 272 3 5
380 223 369 15 14
381 223 266 3 5
382 223 260 3 5
383 223 254 4 5
384 223 52 15 14
385 224 351 13 9
386 225 387 28 21
387 228 253 4 3
388 228 280 4 3
389 232 285 32 64
390 233 278 4 5
391 233 254 4 5
392 234 272 3 5
393 234 266 3 5
394 234 260 3 5
395 235 201 16 16
396 237 73 22 28
397 237 135 25 32
398 237 168 25 32
399 239 252 16 32
400 239 52 15 14
401 240 352 6 11
402 240 377 1 1
403 240 232 11 14
404 242 368 11 11
405 252 209 16 8
406 253 379 1 1
407 256 53 16 15
408 256 360 5 5
409 256 252 16 32
410 257 242 6 6
411 258 356 2 2
412 259 374 1 1
413 260 370 2 3
414 262 367 5 4
415 265 169 28 31
416 265 136 28 31
417 265 287 32 5
418 267 73 28 28
419 268 372 2 4
420 273 360 2 2
421 273 52 16 16
422 273 234 16 16
423 273 252 16 32
424 275 387 26 23
425 276 362 2 2
426 279 368 3 2
427 283 370 1 1
428 290 252 16 32
429 294 363 1 1
430 296 371 1 1
431 298 285 32 8
432 300 373 1 1
433 303 168 25 32
434 303 135 25 32
435 303 73 22 28
436 307 252 16 32
437 315 386 12 12
438 324 252 16 32
439 326 53 9 14
440 331 287 32 5
441 334 388 8 8
442 336 135 25 32
443 336 168 25 32
444 341 252 16 32
445 343 53 11 14
446 343 73 8 28
447 360 53 11 14
448 364 285 32 8
449 369 168 25 32
450 369 135 25 32
451 369 73 22 28
452 380 53 8 14
453 387 57 1 1
454 397 233 16 15
455 397 167 16 15
456 397 286 16 31
457 397 200 16 15
458 397 85 16 15
459 397 52 16 15
460 397 118 16 15
461 412 286 1 1
462 414 218 16 30
463 414 286 16 31
464 414 185 16 30
465 414 119 16 30
466 414 152 16 30
467 414 86 16 30
468 414 53 16 30
469 431 217 16 15
470 431 287 16 30
471 431 151 16 15
472 431 184 16 15
473 431 134 16 15
474 431 68 16 15
475 431 101 16 15
476 448 118 16 15
477 448 233 16 15
478 448 287 16 30
479 448 167 16 15
480 448 200 16 15
481 448 52 16 15
482 448 85 16 15
483 456 287 1 1
484 459 286 1 1
485 465 119 16 30
486 465 152 16 30
487 465 185 16 30
488 465 53 16 30
489 465 86 16 30
490 465 218 16 30
491 482 68 16 15
492 482 134 16 15
493 482 217 16 15
494 482 101 16 15
495 482 184 16 15
496 482 151 16 15
497 499 167 16 15
498 499 52 16 15
499 499 200 16 15
500 499 233 16 15
501 499 85 16 15
502 499 118 16 15
503 516 86 16 30
504 516 185 16 30
505 516 218 16 30
506 516 119 16 30
507 516 53 16 30
508 516 152 16 30
509 533 151 16 15
510 533 68 16 15
511 533 184 16 15
512 533 101 16 15
513 533 250 16 137
514 533 134 16 15
515 533 217 16 15
516 550 85 16 15
517 550 233 16 15
518 550 167 16 15
519 550 200 16 15
520 550 52 16 15
521 550 250 16 137
522 550 118 16 15
523 567 250 16 137
524 567 53 16 30
525 567 152 16 30
526 567 86 16 30
527 567 185 16 30
528 567 119 16 30
529 567 218 16 30
530 584 101 16 15
531 584 134 16 15
532 584 68 16 15
533 584 184 16 15
534 584 250 16 137
535 584 151 16 15
536 584 217 16 15
537 601 200 16 15
538 601 52 16 15
539 601 314 80 80
540 601 233 16 15
541 601 285 7 7
542 601 258 32 8
543 601 118 16 15
544 601 85 16 15
545 601 167 16 15
546 607 276 26 8
547 610 285 7 7
548 618 218 16 30
549 618 53 16 30
550 618 152 16 30
551 618 185 16 30
552 618 86 16 30
553 618 119 16 30
554 620 286 5 5
555 630 287 3 3
556 635 184 16 15
557 635 68 16 15
558 635 151 16 15
559 635 101 16 15
560 635 134 16 15
561 635 217 16 15
562 639 287 3 3
563 652 167 16 15
564 652 200 16 15
565 652 85 16 15
566 652 118 16 15
567 652 233 16 15
568 652 52 16 15
569 669 152 16 30
570 669 53 16 30
571 669 86 16 30
572 669 119 16 30
573 669 185 16 30
574 669 218 16 30
575 680 380 1 2
576 680 348 1 2
577 682 346 48 48
578 682 329 32 16
579 686 151 16 15
580 686 134 16 15
581 686 101 16 15
582 686 184 16 15
583 686 68 16 15
584 686 217 16 15
585 703 85 16 15
586 703 167 16 15
587 703 52 16 15
588 703 200 16 15
589 703 233 16 15
590 703 118 16 15
591 719 329 28 16
592 720 218 16 30
593 720 119 16 30
594 720 86 16 30
595 720 53 16 30
596 720 185 16 30
597 720 152 16 30
598 729 346 1 1
599 731 346 48 48
600 737 217 16 15
601 737 151 16 15
602 737 101 16 15
603 737 134 16 15
604 737 184 16 15
605 737 68 16 15
606 754 52 16 15
607 754 167 16 15
608 754 118 16 15
609 754 233 16 15
610 754 85 16 15
611 754 200 16 15
612 771 87 16 28
613 771 54 16 28
614 771 185 16 30
615 771 120 16 28
616 771 152 16 30
617 771 218 16 30
618 778 346 1 1
619 780 346 48 48
620 788 184 16 15
621 788 68 16 15
622 788 217 16 15
623 788 101 16 15
624 788 134 16 15
625 788 151 16 15
626 806 200 15 15
627 806 85 15 15
628 806 167 15 15
629 806 52 15 15
630 806 118 15 15
631 806 233 15 15
632 822 186 16 28
633 822 54 16 28
634 822 219 16 28
635 822 87 16 28
636 822 120 16 28
637 822 153 16 28
638 827 346 1 1
639 829 314 32 80
640 839 134 15 15
641 839 217 15 15
642 839 101 15 15
643 839 151 15 15
644 839 68 15 15
645 839 184 15 15
646 856 85 16 15
647 856 52 16 15
648 856 167 16 15
649 856 233 16 15
650 856 118 16 15
651 856 200 16 15
652 860 348 1 2
653 860 380 1 2
654 873 186 16 28
655 873 119 16 30
656 873 219 16 28
657 873 53 16 30
658 873 86 16 30
659 873 153 16 28
660 890 151 16 15
661 890 217 16 15
662 890 68 16 15
663 890 184 16 15
664 890 134 16 15
665 890 101 16 15
666 907 52 16 15
667 907 167 16 15
668 907 233 16 15
669 907 118 16 15
670 907 85 16 15
671 907 200 16 15
672 924 119 16 30
673 924 53 16 30
674 924 152 16 30
675 924 218 16 30
676 924 86 16 30
677 924 185 16 30
678 941 217 16 15
679 941 151 16 15
680 941 101 16 15
681 941 68 16 15
682 941 184 16 15
683 941 134 16 15
684 958 85 16 15
685 958 200 16 15
686 958 52 16 15
687 958 167 16 15
688 958 233 16 15
689 958 118 16 15
690 975 86 16 30
691 975 218 16 30
692 975 152 16 30
693 975 119 16 30
694 975 185 16 30
695 975 53 16 30
696 992 134 16 15
697 992 68 16 15
698 992 184 16 15
699 992 217 16 15
700 992 101 16 15
701 992 151 16 15
702 1 417 48 48
703 51 418 46 46
704 100 418 46 46
705 154 441 5 24
706 170 441 5 24
707 187 426 7 39
708 203 426 7 39
709 217 418 14 47
710 235 420 13 45
711 251 419 14 46
712 268 418 30 47
713 301 418 30 47
714 334 418 30 47
715 367 418 30 47
716 399 418 32 47
717 434 417 45 48
718 484 422 25 22
719 516 421 45 44
720 563 417 64 61
721 628 417 64 16
722 632 434 56 32
723 639 467 42 11
724 693 450 16 16
725 693 467 8 8
726 694 431 16 17
727 695 477 3 1
728 699 423 6 6
729 707 418 17 16
730 709 433 12 12
731 728 452 3 3
732 729 461 1 1
733 729 418 9 27
734 730 463 1 1
735 738 452 1 2
736 739 463 1 1
737 739 455 2 2
738 746 418 9 27
739 747 453 1 1
740 748 462 2 1
741 755 455 4 2
742 756 464 1 1
743 763 418 9 27
744 777 444 8 8
745 778 453 14 16
746 778 417 22 25
747 779 472 4 4
748 787 471 6 6
749 788 447 3 3
750 795 470 8 8
751 796 446 6 6
752 796 459 7 7
753 797 455 4 4
754 800 462 9 7
755 803 454 5 6
756 804 473 1 1
757 805 470 1 1
758 806 447 3 3
759 806 476 1 1
760 806 420 22 22
761 807 470 1 1
762 808 477 1 1
763 810 476 1 1
764 810 471 1 1
765 811 473 1 1
766 814 462 2 3
767 815 456 2 2
768 817 459 3 3
769 818 466 2 2
770 820 455 3 3
771 822 458 3 3
772 822 463 3 4
773 830 464 1 1
774 832 417 23 25
775 832 456 1 1
776 835 460 1 1
777 835 467 1 1
778 838 456 1 1
779 840 463 2 2
780 846 454 19 19
