1 0 0 16 16
2 0 32 16 16
3 0 48 16 16
4 0 64 16 16
5 0 80 16 16
6 0 96 16 16
7 0 16 16 16
8 0 112 16 16
9 0 128 16 16
10 0 144 16 16
11 0 160 16 16
12 0 176 16 16
13 16 112 16 16
14 16 128 16 16
15 16 0 16 16
16 16 96 16 16
17 16 144 16 16
18 16 80 16 16
19 16 64 16 16
20 16 160 16 16
21 16 48 16 16
22 16 176 16 16
23 16 32 16 16
24 16 16 16 16
25 32 0 16 16
26 32 176 16 16
27 32 160 16 16
28 32 144 16 16
29 32 128 16 16
30 32 112 16 16
31 32 96 16 16
32 32 16 16 16
33 32 80 16 16
34 32 64 16 16
35 32 48 16 16
36 32 32 16 16
37 48 0 16 16
38 48 96 16 16
39 48 112 16 16
40 48 80 16 16
41 48 16 16 16
42 48 32 16 16
43 48 128 16 16
44 48 64 16 16
45 48 160 16 16
46 48 176 16 16
47 48 144 16 16
48 48 48 16 16
49 64 96 16 16
50 64 32 16 16
51 64 0 16 16
52 64 112 16 16
53 64 80 16 16
54 64 16 16 16
55 64 160 16 16
56 64 176 16 16
57 64 48 16 16
58 64 128 16 16
59 64 64 16 16
60 64 144 16 16
61 80 96 16 16
62 80 32 16 16
63 80 176 16 16
64 80 160 16 16
65 80 0 16 16
66 80 16 16 16
67 80 112 16 16
68 80 80 16 16
69 80 144 16 16
70 80 48 16 16
71 80 64 16 16
72 80 128 16 16
73 96 96 16 16
74 96 0 16 16
75 96 160 16 16
76 96 128 16 16
77 96 112 16 16
78 96 32 16 16
79 96 64 16 16
80 96 176 16 16
81 96 16 16 16
82 96 48 16 16
83 96 80 16 16
84 112 64 16 16
85 112 0 16 16
86 112 128 16 16
87 112 176 16 16
88 112 112 16 16
89 112 80 16 16
90 112 48 16 16
91 112 144 16 16
92 112 160 16 16
93 112 32 16 16
94 112 16 16 16
95 112 96 16 16
96 128 48 16 16
97 128 176 16 16
98 128 128 16 16
99 128 144 16 16
100 128 16 16 16
101 128 64 16 16
102 128 0 16 16
103 128 160 16 16
104 128 96 16 16
105 128 112 16 16
106 128 32 16 16
107 128 80 16 16
108 144 176 16 16
109 144 64 16 16
110 144 16 16 16
111 144 144 16 16
112 144 96 16 16
113 144 0 16 16
114 144 80 16 16
115 144 48 16 16
116 144 160 16 16
117 144 112 16 16
118 144 128 16 16
119 144 32 16 16
120 160 160 16 16
121 160 16 16 16
122 160 144 16 16
123 160 128 16 16
124 160 112 16 16
125 160 0 16 16
126 160 96 16 16
127 160 80 16 16
128 160 64 16 16
129 160 48 16 16
130 160 32 16 16
131 160 176 16 16
132 176 176 16 16
133 176 160 16 16
134 176 144 16 16
135 176 128 16 16
136 176 112 16 16
137 176 96 16 16
138 176 80 16 16
139 176 64 16 16
140 176 48 16 16
141 176 32 16 16
142 176 16 16 16
143 176 0 16 16