0 0 0 16 16
1 16 0 16 16
2 32 0 16 16
3 48 0 16 16
4 64 0 16 16
5 80 0 16 16
6 96 0 16 16
7 112 0 16 16
8 0 16 16 16
9 16 16 16 16
10 32 16 16 16
11 48 16 16 16
12 64 16 16 16
13 80 16 16 16
14 96 16 16 16
15 112 16 16 16
16 128 16 16 16
17 144 16 16 16
18 160 16 16 16
19 176 16 16 16
20 192 16 16 16
21 208 16 16 16
22 224 16 16 16
23 240 16 16 16
24 0 32 16 16
25 16 32 16 16
26 32 32 16 16
27 48 32 16 16
28 64 32 16 16
29 80 32 16 16
30 96 32 16 16
31 112 32 16 16
32 128 32 16 16
33 144 32 16 16
34 160 32 16 16
35 176 32 16 16
36 192 32 16 16
37 208 32 16 16
38 224 32 16 16
39 240 32 16 16
40 0 48 16 16
41 16 48 16 16
42 32 48 16 16
43 48 48 16 16
44 64 48 16 16
45 80 48 16 16
46 96 48 16 16
47 112 48 16 16
48 128 48 16 16
49 144 48 16 16
50 160 48 16 16
51 176 48 16 16
52 192 48 16 16
53 208 48 16 16
54 224 48 16 16
55 240 48 16 16
56 0 64 16 16
57 16 64 16 16
58 32 64 16 16
59 48 64 16 16
60 64 64 16 16
61 80 64 16 16
62 96 64 16 16
63 112 64 16 16
64 128 64 16 16
65 144 64 16 16
66 160 64 16 16
67 176 64 16 16
68 192 64 16 16
69 208 64 16 16
70 224 64 16 16
