0 0 0 16 16
1 16 0 16 16
2 32 0 16 16
3 48 0 16 16
4 64 0 16 16
5 80 0 16 16
6 96 0 16 16
7 112 0 16 16
8 128 0 16 16
9 144 0 16 16
10 80 16 16 16
11 96 16 16 16
12 112 16 16 16
13 128 16 16 16
14 144 16 16 16
15 128 32 16 16
16 144 32 16 16
17 0 48 16 16
18 16 48 16 16
19 32 48 16 16
20 48 48 16 16
21 64 48 16 16
22 80 48 16 16
23 96 48 16 16
24 112 48 16 16
25 128 48 16 16
26 144 48 16 16
27 0 64 16 16
28 16 64 16 16
29 32 64 16 16
30 48 64 16 16
31 64 64 16 16
32 80 64 16 16
33 96 64 16 16
34 112 64 16 16
35 128 64 16 16
36 144 64 16 16
