1 0 0 16 16
2 16 0 16 16
3 32 0 16 16
4 48 0 16 16
5 64 0 16 16
6 80 0 16 16
7 96 0 16 16
8 112 0 16 16
9 128 0 16 16
10 144 0 16 16
11 160 0 16 16
12 96 16 16 16
13 112 16 16 16
14 128 16 16 16
15 144 16 16 16
16 160 16 16 16
17 144 32 16 16
18 160 32 16 16
19 0 48 16 16
20 16 48 16 16
21 32 48 16 16
22 48 48 16 16
23 64 48 16 16
24 80 48 16 16
25 96 48 16 16
26 112 48 16 16
27 0 64 16 16
28 16 64 16 16
29 32 64 16 16
30 48 64 16 16
31 64 64 16 16
32 80 64 16 16
33 96 64 16 16
34 112 64 16 16
35 0 80 16 16
36 16 80 16 16
37 32 80 16 16
38 48 80 16 16
39 64 80 16 16
40 80 80 16 16
41 96 80 16 16
42 112 80 16 16
43 0 96 16 16
44 16 96 16 16
45 32 96 16 16
46 48 96 16 16
47 64 96 16 16
48 80 96 16 16
49 96 96 16 16
50 112 96 16 16
51 0 112 16 16
52 16 112 16 16
53 32 112 16 16
54 48 112 16 16
55 64 112 16 16
56 80 112 16 16
57 96 112 16 16
58 112 112 16 16
59 0 128 16 16
60 16 128 16 16
61 32 128 16 16
62 48 128 16 16
63 64 128 16 16
64 80 128 16 16
65 96 128 16 16
66 112 128 16 16
67 0 144 16 16
68 16 144 16 16
69 32 144 16 16
70 48 144 16 16
71 64 144 16 16
72 80 144 16 16
73 96 144 16 16
74 112 144 16 16
75 0 160 16 16
76 16 160 16 16
77 32 160 16 16
78 48 160 16 16
79 64 160 16 16
80 80 160 16 16
81 96 160 16 16
82 112 160 16 16
83 0 176 16 16
84 16 176 16 16
85 32 176 16 16
86 48 176 16 16
87 64 176 16 16
88 80 176 16 16
89 96 176 16 16