sprite1,17,9,16,16
sprite2,0,10,16,15
sprite3,17,26,16,18
sprite4,0,27,16,16
sprite5,0,44,16,16
sprite6,34,61,16,24
sprite7,51,61,16,24
sprite8,0,63,16,22
sprite9,17,63,16,22
sprite10,0,86,19,24
sprite11,39,86,19,23
sprite12,59,86,18,23
sprite13,20,87,18,23
sprite14,0,111,16,27
sprite15,17,112,16,26
sprite16,0,139,16,16
sprite17,17,139,16,16
sprite18,0,156,16,16
sprite19,17,156,16,16
sprite20,34,156,16,16
sprite21,51,156,16,16
sprite22,17,173,15,16
sprite23,0,174,16,15
sprite24,0,190,16,16
sprite25,17,191,16,15
sprite26,0,207,16,16
sprite27,0,224,16,8