sprite1,129,0,128,127
sprite2,403,7,96,120
sprite3,532,7,96,120
sprite4,661,7,96,120
sprite5,790,7,96,120
sprite6,919,7,96,120
sprite7,258,13,128,114
sprite8,0,41,128,86
sprite9,16,136,96,120
sprite10,145,136,96,120
sprite11,274,136,96,120
sprite12,532,136,96,120
sprite13,661,136,96,120
sprite14,790,136,96,120
sprite15,919,136,96,120
sprite16,403,139,96,96
sprite17,258,261,128,114
sprite18,16,265,96,120
sprite19,145,265,96,120
sprite20,403,268,96,96
sprite21,532,268,96,96
sprite22,661,268,96,96
sprite23,790,268,96,96
sprite24,919,268,96,96
sprite25,782,389,112,112
sprite26,911,389,112,112
sprite27,16,397,96,96
sprite28,145,397,96,96
sprite29,274,397,96,96
sprite30,403,397,96,96
sprite31,544,397,72,96
sprite32,661,397,96,96
sprite33,8,518,112,112
sprite34,145,526,96,96
sprite35,274,526,96,96
sprite36,403,526,96,96
sprite37,532,526,108,96
sprite38,661,526,96,96
sprite39,790,526,108,96
sprite40,919,526,96,96
sprite41,669,652,104,120
sprite42,16,655,108,96
sprite43,149,655,90,96
sprite44,274,655,96,96
sprite45,403,655,96,96
sprite46,538,655,84,96
sprite47,790,660,96,90
sprite48,919,660,96,90
sprite49,145,781,96,120
sprite50,790,784,96,96
sprite51,16,785,96,116
sprite52,274,788,96,92
sprite53,532,788,96,90
sprite54,661,788,96,90
sprite55,922,788,90,90
sprite56,403,791,96,84
sprite57,16,910,96,120
sprite58,136,910,114,120
sprite59,532,910,96,120
sprite60,661,910,112,120
sprite61,919,910,96,120
sprite62,274,913,96,96
sprite63,790,913,96,96
sprite64,401,917,98,92
sprite65,274,1039,96,120
sprite66,403,1039,96,120
sprite67,790,1039,96,102
sprite68,145,1041,96,118
sprite69,16,1042,96,96
sprite70,919,1043,96,96
sprite71,532,1049,96,110
sprite72,661,1049,96,84
sprite73,16,1162,98,126
sprite74,919,1168,112,120
sprite75,403,1170,96,100
sprite76,532,1171,96,96
sprite77,667,1171,84,96
sprite78,796,1171,84,96
sprite79,274,1172,96,96
sprite80,145,1177,96,84
sprite81,787,1295,115,116
sprite82,520,1297,124,120
sprite83,403,1298,96,102
sprite84,274,1299,96,104
sprite85,661,1299,100,118
sprite86,16,1300,96,96
sprite87,907,1302,120,92
sprite88,133,1312,120,75
sprite89,532,1419,96,127
sprite90,268,1424,108,108
sprite91,782,1426,120,120
sprite92,911,1426,120,120
sprite93,403,1430,96,96
sprite94,4,1431,120,92
sprite95,133,1431,120,92
sprite96,661,1443,96,78
sprite97,145,1548,104,127
sprite98,937,1548,64,127
sprite99,12,1556,108,119
sprite100,403,1556,104,119
sprite101,790,1556,108,119
sprite102,657,1560,112,115
sprite103,274,1568,104,107
sprite104,528,1572,112,103
sprite105,34,1677,64,127
sprite106,407,1677,108,127
sprite107,536,1677,108,127
sprite108,944,1677,45,96
sprite109,161,1684,64,120
sprite110,290,1684,64,120
sprite111,776,1684,120,120
sprite112,653,1690,114,114
sprite113,41,1806,45,96
sprite114,403,1813,96,120
sprite115,532,1813,96,120
sprite116,661,1813,96,120
sprite117,274,1816,96,96
sprite118,919,1816,96,96
sprite119,151,1825,84,78
sprite120,802,1828,30,30
sprite121,844,1828,30,30
sprite122,802,1870,30,30
sprite123,844,1870,30,30
sprite124,532,1935,96,127
sprite125,794,1938,96,124
sprite126,16,1945,96,96
sprite127,145,1945,96,96
sprite128,274,1945,96,96
sprite129,403,1945,96,96
sprite130,663,1948,94,92
sprite131,919,1970,96,44
sprite132,790,2064,112,105
sprite133,518,2065,126,126
sprite134,653,2067,120,124
sprite135,915,2075,104,92
sprite136,129,2093,128,60
sprite137,258,2093,128,60
sprite138,16,2099,96,44
sprite139,392,2099,118,60
sprite140,661,2200,112,120
sprite141,774,2200,114,120
sprite142,145,2203,96,96
sprite143,274,2203,96,96
sprite144,403,2203,96,96
sprite145,532,2203,96,96
sprite146,22,2209,24,24
sprite147,52,2209,24,18
sprite148,82,2209,24,24
sprite149,919,2222,96,60
sprite150,22,2239,18,24
sprite151,88,2239,18,24
sprite152,22,2269,24,24
sprite153,82,2269,24,24
sprite154,52,2275,24,18
sprite155,646,2322,93,126
sprite156,779,2322,122,126
sprite157,908,2326,16,16
sprite158,530,2331,100,100
sprite159,407,2335,88,88
sprite160,922,2340,16,16
sprite161,130,2344,126,75
sprite162,259,2344,126,75
sprite163,16,2351,96,60
sprite164,904,2355,127,93
sprite165,738,2414,16,16
sprite166,752,2428,16,16
sprite167,1,2451,127,93
sprite168,258,2451,127,93
sprite169,388,2451,93,127
sprite170,521,2451,122,127
sprite171,236,2455,16,16
sprite172,494,2455,16,16
sprite173,661,2460,95,100
sprite174,791,2460,95,95
sprite175,917,2460,100,100
sprite176,222,2469,16,16
sprite177,480,2469,16,16
sprite178,129,2484,127,93
sprite179,19,2543,16,16
sprite180,351,2543,16,16
sprite181,5,2557,16,16
sprite182,365,2557,16,16
sprite183,780,2585,96,98
sprite184,14,2589,100,95
sprite185,143,2589,100,100
sprite186,272,2589,100,100
sprite187,532,2589,96,98
sprite188,415,2590,78,96
sprite189,673,2591,78,96
sprite190,919,2591,96,98