sprite1,149,25,15,16
sprite2,186,25,16,16
sprite3,219,25,16,16
sprite4,257,25,14,16
sprite5,293,25,16,16
sprite6,326,25,16,16
sprite7,363,25,16,16
sprite8,396,25,16,16
sprite9,433,25,16,15
sprite10,466,25,16,16
sprite11,503,25,16,15
sprite12,536,25,14,15
sprite13,569,25,14,16
sprite14,607,25,14,15
sprite15,640,25,14,15
sprite16,676,25,15,16
sprite17,713,25,16,16
sprite18,11,26,12,15
sprite19,118,26,12,15
sprite20,49,29,11,12
sprite21,82,29,11,12
sprite22,11,64,14,16
sprite23,48,64,14,16
sprite24,80,64,15,16
sprite25,117,64,15,16
sprite26,150,64,15,16
sprite27,186,64,16,16
sprite28,225,64,12,16
sprite29,262,64,12,16
sprite30,294,64,13,16
sprite31,331,64,13,16
sprite32,364,64,13,16
sprite33,403,65,13,15
sprite34,439,66,12,8
sprite35,547,66,12,9
sprite36,654,66,12,14
sprite37,761,66,13,14
sprite38,798,66,12,14
sprite39,831,66,13,14
sprite40,514,67,12,8
sprite41,728,67,13,13
sprite42,691,68,12,12
sprite43,477,69,11,5
sprite44,617,69,11,5
sprite45,584,70,11,4
sprite46,323,108,16,28
sprite47,705,108,16,25
sprite48,738,108,16,25
sprite49,11,109,14,27
sprite50,116,109,16,27
sprite51,149,109,16,26
sprite52,184,109,14,27
sprite53,217,109,19,27
sprite54,250,109,19,26
sprite55,283,109,19,27
sprite56,360,109,16,26
sprite57,393,109,16,26
sprite58,427,109,19,26
sprite59,460,109,19,26
sprite60,497,109,19,27
sprite61,530,109,19,26
sprite62,563,109,19,27
sprite63,600,109,19,27
sprite64,633,109,18,27
sprite65,666,109,19,26
sprite66,776,110,16,26
sprite67,48,118,14,18
sprite68,81,118,14,18
sprite69,551,137,1,1
sprite70,279,164,14,27
sprite71,315,164,15,27
sprite72,347,164,16,26
sprite73,382,164,14,27
sprite74,417,164,16,26
sprite75,450,164,16,26
sprite76,487,164,21,27
sprite77,525,164,15,27
sprite78,562,164,15,27
sprite79,594,164,16,26
sprite80,628,164,15,27
sprite81,664,164,16,26
sprite82,697,164,16,26
sprite83,736,165,18,26
sprite84,172,166,20,21
sprite85,8,167,19,20
sprite86,40,167,20,21
sprite87,105,167,21,20
sprite88,139,167,19,20
sprite89,205,167,20,19
sprite90,238,167,21,20
sprite91,73,168,20,19
sprite92,10,220,14,12
sprite93,118,220,14,12
sprite94,225,220,14,17
sprite95,332,220,15,17
sprite96,369,220,14,17
sprite97,402,220,15,17
sprite98,85,221,14,12
sprite99,299,221,15,16
sprite100,47,225,14,8
sprite101,187,225,14,8
sprite102,262,225,14,13
sprite103,154,226,14,8