sprite1,0,0,14,27
sprite2,0,28,14,18
sprite3,14,28,14,18
sprite4,0,47,16,27
sprite5,34,47,14,27
sprite6,17,48,16,26
sprite7,0,75,20,27
sprite8,41,75,19,27
sprite9,21,76,19,26
sprite10,2,103,19,20
sprite11,22,103,20,21
sprite12,44,103,20,19
sprite13,65,103,21,20
sprite14,87,103,19,20
sprite15,107,103,20,21
sprite16,128,103,20,19
sprite17,149,103,21,20
sprite18,2,125,16,26
sprite19,19,125,16,26
sprite20,0,152,19,26
sprite21,20,152,19,26
sprite22,0,179,15,27
sprite23,16,179,16,26
sprite24,33,179,14,27
sprite25,0,207,16,26
sprite26,17,207,16,26