sprite1,1,1,16,16
sprite2,18,1,16,16
sprite3,35,1,16,16
sprite4,52,1,16,16
sprite5,69,1,16,16
sprite6,86,1,16,16
sprite7,103,1,16,16
sprite8,120,1,16,16
sprite9,137,1,16,16
sprite10,154,1,16,16
sprite11,171,1,16,16
sprite12,188,1,16,16
sprite13,205,1,16,16
sprite14,222,1,16,16
sprite15,239,1,16,16
sprite16,256,1,16,16
sprite17,273,1,16,16
sprite18,290,1,16,16
sprite19,307,1,16,16
sprite20,324,1,16,16
sprite21,341,1,16,16
sprite22,358,1,16,16
sprite23,375,1,16,16
sprite24,397,1,16,15
sprite25,414,1,16,15
sprite26,431,1,16,15
sprite27,448,1,16,15
sprite28,465,1,16,15
sprite29,482,1,16,15
sprite30,499,1,16,15
sprite31,516,1,16,15
sprite32,533,1,16,15
sprite33,550,1,16,15
sprite34,567,1,16,15
sprite35,584,1,16,15
sprite36,601,1,16,15
sprite37,618,1,16,15
sprite38,635,1,16,15
sprite39,652,1,16,15
sprite40,669,1,16,15
sprite41,686,1,16,15
sprite42,703,1,16,15
sprite43,720,1,16,15
sprite44,737,1,16,15
sprite45,754,1,16,15
sprite46,771,1,16,15
sprite47,788,1,16,15
sprite48,806,1,15,15
sprite49,822,1,16,15
sprite50,839,1,15,15
sprite51,856,1,16,15
sprite52,873,1,16,15
sprite53,890,1,16,15
sprite54,907,1,16,15
sprite55,924,1,16,15
sprite56,941,1,16,15
sprite57,958,1,16,15
sprite58,975,1,16,15
sprite59,992,1,16,15
sprite60,3,18,12,16
sprite61,22,18,8,16
sprite62,40,18,6,16
sprite63,56,18,8,16
sprite64,71,18,12,16
sprite65,90,18,8,16
sprite66,108,18,6,16
sprite67,124,18,8,16
sprite68,137,18,16,16
sprite69,156,18,12,16
sprite70,176,18,6,16
sprite71,190,18,12,16
sprite72,205,18,16,16
sprite73,224,18,12,16
sprite74,244,18,6,16
sprite75,258,18,12,16
sprite76,324,18,16,16
sprite77,341,18,16,16
sprite78,358,18,16,16
sprite79,375,18,16,16
sprite80,397,18,16,15
sprite81,414,18,16,15
sprite82,431,18,16,15
sprite83,448,18,16,15
sprite84,465,18,16,15
sprite85,482,18,16,15
sprite86,499,18,16,15
sprite87,516,18,16,15
sprite88,533,18,16,15
sprite89,550,18,16,15
sprite90,567,18,16,15
sprite91,584,18,16,15
sprite92,601,18,16,15
sprite93,618,18,16,15
sprite94,635,18,16,15
sprite95,652,18,16,15
sprite96,669,18,16,15
sprite97,686,18,16,15
sprite98,703,18,16,15
sprite99,720,18,16,15
sprite100,737,18,16,15
sprite101,754,18,16,15
sprite102,771,18,16,15
sprite103,788,18,16,15
sprite104,806,18,15,15
sprite105,822,18,16,15
sprite106,839,18,15,15
sprite107,856,18,16,15
sprite108,873,18,16,15
sprite109,890,18,16,15
sprite110,907,18,16,15
sprite111,924,18,16,15
sprite112,941,18,16,15
sprite113,958,18,16,15
sprite114,975,18,16,15
sprite115,992,18,16,15
sprite116,1,35,16,16
sprite117,18,35,16,16
sprite118,35,35,16,16
sprite119,52,35,16,16
sprite120,69,35,16,16
sprite121,86,35,16,16
sprite122,120,35,16,16
sprite123,137,35,16,16
sprite124,154,35,16,16
sprite125,171,35,16,16
sprite126,188,35,16,16
sprite127,222,35,16,16
sprite128,239,35,16,16
sprite129,397,35,16,15
sprite130,414,35,16,15
sprite131,431,35,16,15
sprite132,448,35,16,15
sprite133,465,35,16,15
sprite134,482,35,16,15
sprite135,499,35,16,15
sprite136,516,35,16,15
sprite137,533,35,16,15
sprite138,550,35,16,15
sprite139,567,35,16,15
sprite140,584,35,16,15
sprite141,601,35,16,15
sprite142,618,35,16,15
sprite143,635,35,16,15
sprite144,652,35,16,15
sprite145,669,35,16,15
sprite146,686,35,16,15
sprite147,703,35,16,15
sprite148,720,35,16,15
sprite149,737,35,16,15
sprite150,754,35,16,15
sprite151,771,35,16,15
sprite152,788,35,16,15
sprite153,806,35,15,15
sprite154,822,35,16,15
sprite155,839,35,15,15
sprite156,856,35,16,15
sprite157,873,35,16,15
sprite158,890,35,16,15
sprite159,907,35,16,15
sprite160,924,35,16,15
sprite161,941,35,16,15
sprite162,958,35,16,15
sprite163,975,35,16,15
sprite164,992,35,16,15
sprite165,104,36,14,2
sprite166,326,37,6,7
sprite167,333,37,1,1
sprite168,343,37,11,11
sprite169,360,37,11,11
sprite170,103,39,5,8
sprite171,109,39,4,8
sprite172,114,39,5,8
sprite173,259,39,9,8
sprite174,276,39,9,8
sprite175,293,39,9,8
sprite176,387,40,1,1
sprite177,383,42,5,6
sprite178,326,45,1,1
sprite179,381,47,1,1
sprite180,104,48,14,2
sprite181,1,52,16,16
sprite182,18,52,16,16
sprite183,35,52,16,16
sprite184,52,52,16,16
sprite185,86,52,16,16
sprite186,103,52,16,16
sprite187,120,52,16,16
sprite188,137,52,16,16
sprite189,188,52,16,16
sprite190,205,52,16,16
sprite191,223,52,15,14
sprite192,239,52,15,14
sprite193,273,52,16,16
sprite194,397,52,16,15
sprite195,448,52,16,15
sprite196,499,52,16,15
sprite197,550,52,16,15
sprite198,601,52,16,15
sprite199,652,52,16,15
sprite200,703,52,16,15
sprite201,754,52,16,15
sprite202,806,52,15,15
sprite203,856,52,16,15
sprite204,907,52,16,15
sprite205,958,52,16,15
sprite206,256,53,16,15
sprite207,326,53,9,14
sprite208,343,53,11,14
sprite209,360,53,11,14
sprite210,380,53,8,14
sprite211,414,53,16,30
sprite212,465,53,16,30
sprite213,516,53,16,30
sprite214,567,53,16,30
sprite215,618,53,16,30
sprite216,669,53,16,30
sprite217,720,53,16,30
sprite218,873,53,16,30
sprite219,924,53,16,30
sprite220,975,53,16,30
sprite221,71,54,6,7
sprite222,78,54,1,1
sprite223,771,54,16,28
sprite224,822,54,16,28
sprite225,154,55,15,13
sprite226,172,55,15,13
sprite227,387,57,1,1
sprite228,71,62,1,1
sprite229,431,68,16,15
sprite230,482,68,16,15
sprite231,533,68,16,15
sprite232,584,68,16,15
sprite233,635,68,16,15
sprite234,686,68,16,15
sprite235,737,68,16,15
sprite236,788,68,16,15
sprite237,839,68,15,15
sprite238,890,68,16,15
sprite239,941,68,16,15
sprite240,992,68,16,15
sprite241,3,73,28,28
sprite242,39,73,22,28
sprite243,79,73,8,28
sprite244,105,73,22,28
sprite245,135,73,28,28
sprite246,171,73,22,28
sprite247,211,73,8,28
sprite248,237,73,22,28
sprite249,267,73,28,28
sprite250,303,73,22,28
sprite251,343,73,8,28
sprite252,369,73,22,28
sprite253,397,85,16,15
sprite254,448,85,16,15
sprite255,499,85,16,15
sprite256,550,85,16,15
sprite257,601,85,16,15
sprite258,652,85,16,15
sprite259,703,85,16,15
sprite260,754,85,16,15
sprite261,806,85,15,15
sprite262,856,85,16,15
sprite263,907,85,16,15
sprite264,958,85,16,15
sprite265,414,86,16,30
sprite266,465,86,16,30
sprite267,516,86,16,30
sprite268,567,86,16,30
sprite269,618,86,16,30
sprite270,669,86,16,30
sprite271,720,86,16,30
sprite272,873,86,16,30
sprite273,924,86,16,30
sprite274,975,86,16,30
sprite275,771,87,16,28
sprite276,822,87,16,28
sprite277,431,101,16,15
sprite278,482,101,16,15
sprite279,533,101,16,15
sprite280,584,101,16,15
sprite281,635,101,16,15
sprite282,686,101,16,15
sprite283,737,101,16,15
sprite284,788,101,16,15
sprite285,839,101,15,15
sprite286,890,101,16,15
sprite287,941,101,16,15
sprite288,992,101,16,15
sprite289,6,102,24,32
sprite290,39,102,24,32
sprite291,72,102,24,32
sprite292,397,118,16,15
sprite293,448,118,16,15
sprite294,499,118,16,15
sprite295,550,118,16,15
sprite296,601,118,16,15
sprite297,652,118,16,15
sprite298,703,118,16,15
sprite299,754,118,16,15
sprite300,806,118,15,15
sprite301,856,118,16,15
sprite302,907,118,16,15
sprite303,958,118,16,15
sprite304,414,119,16,30
sprite305,465,119,16,30
sprite306,516,119,16,30
sprite307,567,119,16,30
sprite308,618,119,16,30
sprite309,669,119,16,30
sprite310,720,119,16,30
sprite311,873,119,16,30
sprite312,924,119,16,30
sprite313,975,119,16,30
sprite314,771,120,16,28
sprite315,822,120,16,28
sprite316,431,134,16,15
sprite317,482,134,16,15
sprite318,533,134,16,15
sprite319,584,134,16,15
sprite320,635,134,16,15
sprite321,686,134,16,15
sprite322,737,134,16,15
sprite323,788,134,16,15
sprite324,839,134,15,15
sprite325,890,134,16,15
sprite326,941,134,16,15
sprite327,992,134,16,15
sprite328,39,135,25,32
sprite329,105,135,25,32
sprite330,138,135,25,32
sprite331,171,135,25,32
sprite332,237,135,25,32
sprite333,303,135,25,32
sprite334,336,135,25,32
sprite335,369,135,25,32
sprite336,6,136,26,31
sprite337,67,136,28,31
sprite338,204,136,26,31
sprite339,265,136,28,31
sprite340,431,151,16,15
sprite341,482,151,16,15
sprite342,533,151,16,15
sprite343,584,151,16,15
sprite344,635,151,16,15
sprite345,686,151,16,15
sprite346,737,151,16,15
sprite347,788,151,16,15
sprite348,839,151,15,15
sprite349,890,151,16,15
sprite350,941,151,16,15
sprite351,992,151,16,15
sprite352,414,152,16,30
sprite353,465,152,16,30
sprite354,516,152,16,30
sprite355,567,152,16,30
sprite356,618,152,16,30
sprite357,669,152,16,30
sprite358,720,152,16,30
sprite359,771,152,16,30
sprite360,924,152,16,30
sprite361,975,152,16,30
sprite362,822,153,16,28
sprite363,873,153,16,28
sprite364,397,167,16,15
sprite365,448,167,16,15
sprite366,499,167,16,15
sprite367,550,167,16,15
sprite368,601,167,16,15
sprite369,652,167,16,15
sprite370,703,167,16,15
sprite371,754,167,16,15
sprite372,806,167,15,15
sprite373,856,167,16,15
sprite374,907,167,16,15
sprite375,958,167,16,15
sprite376,39,168,25,32
sprite377,105,168,25,32
sprite378,138,168,25,32
sprite379,171,168,25,32
sprite380,237,168,25,32
sprite381,303,168,25,32
sprite382,336,168,25,32
sprite383,369,168,25,32
sprite384,6,169,26,31
sprite385,67,169,28,31
sprite386,204,169,26,31
sprite387,265,169,28,31
sprite388,431,184,16,15
sprite389,482,184,16,15
sprite390,533,184,16,15
sprite391,584,184,16,15
sprite392,635,184,16,15
sprite393,686,184,16,15
sprite394,737,184,16,15
sprite395,788,184,16,15
sprite396,839,184,15,15
sprite397,890,184,16,15
sprite398,941,184,16,15
sprite399,992,184,16,15
sprite400,414,185,16,30
sprite401,465,185,16,30
sprite402,516,185,16,30
sprite403,567,185,16,30
sprite404,618,185,16,30
sprite405,669,185,16,30
sprite406,720,185,16,30
sprite407,771,185,16,30
sprite408,924,185,16,30
sprite409,975,185,16,30
sprite410,822,186,16,28
sprite411,873,186,16,28
sprite412,397,200,16,15
sprite413,448,200,16,15
sprite414,499,200,16,15
sprite415,550,200,16,15
sprite416,601,200,16,15
sprite417,652,200,16,15
sprite418,703,200,16,15
sprite419,754,200,16,15
sprite420,806,200,15,15
sprite421,856,200,16,15
sprite422,907,200,16,15
sprite423,958,200,16,15
sprite424,1,201,16,16
sprite425,60,201,16,16
sprite426,95,201,12,16
sprite427,130,201,8,16
sprite428,155,201,24,16
sprite429,184,201,16,16
sprite430,201,201,16,16
sprite431,235,201,16,16
sprite432,218,202,16,15
sprite433,18,205,16,12
sprite434,35,209,16,8
sprite435,252,209,16,8
sprite436,431,217,16,15
sprite437,482,217,16,15
sprite438,533,217,16,15
sprite439,584,217,16,15
sprite440,635,217,16,15
sprite441,686,217,16,15
sprite442,737,217,16,15
sprite443,788,217,16,15
sprite444,839,217,15,15
sprite445,890,217,16,15
sprite446,941,217,16,15
sprite447,992,217,16,15
sprite448,1,218,16,11
sprite449,18,218,16,11
sprite450,35,218,16,11
sprite451,52,218,16,11
sprite452,69,218,16,7
sprite453,86,218,16,11
sprite454,103,218,16,10
sprite455,120,218,16,10
sprite456,137,218,16,10
sprite457,171,218,16,15
sprite458,205,218,16,15
sprite459,223,218,14,16
sprite460,414,218,16,30
sprite461,465,218,16,30
sprite462,516,218,16,30
sprite463,567,218,16,30
sprite464,618,218,16,30
sprite465,669,218,16,30
sprite466,720,218,16,30
sprite467,771,218,16,30
sprite468,924,218,16,30
sprite469,975,218,16,30
sprite470,822,219,16,28
sprite471,873,219,16,28
sprite472,189,220,14,13
sprite473,156,221,12,12
sprite474,69,228,16,1
sprite475,240,232,11,14
sprite476,397,233,16,15
sprite477,448,233,16,15
sprite478,499,233,16,15
sprite479,550,233,16,15
sprite480,601,233,16,15
sprite481,652,233,16,15
sprite482,703,233,16,15
sprite483,754,233,16,15
sprite484,806,233,15,15
sprite485,856,233,16,15
sprite486,907,233,16,15
sprite487,958,233,16,15
sprite488,273,234,16,16
sprite489,1,235,16,15
sprite490,18,235,16,16
sprite491,35,235,16,15
sprite492,52,235,16,16
sprite493,205,235,4,4
sprite494,73,239,7,7
sprite495,90,239,7,7
sprite496,107,239,7,7
sprite497,124,239,7,7
sprite498,141,239,7,7
sprite499,158,239,8,7
sprite500,175,239,8,7
sprite501,192,239,7,7
sprite502,257,242,6,6
sprite503,533,250,16,137
sprite504,550,250,16,137
sprite505,567,250,16,137
sprite506,584,250,16,137
sprite507,1,252,16,32
sprite508,18,252,16,32
sprite509,35,252,16,32
sprite510,52,252,16,32
sprite511,69,252,16,32
sprite512,86,252,16,32
sprite513,103,252,16,32
sprite514,120,252,16,32
sprite515,137,252,16,32
sprite516,154,252,16,32
sprite517,171,252,16,32
sprite518,188,252,16,32
sprite519,205,252,16,32
sprite520,239,252,16,32
sprite521,256,252,16,32
sprite522,273,252,16,32
sprite523,290,252,16,32
sprite524,307,252,16,32
sprite525,324,252,16,32
sprite526,341,252,16,32
sprite527,228,253,4,3
sprite528,223,254,4,5
sprite529,233,254,4,5
sprite530,601,258,32,8
sprite531,223,260,3,5
sprite532,234,260,3,5
sprite533,223,266,3,5
sprite534,234,266,3,5
sprite535,223,272,3,5
sprite536,234,272,3,5
sprite537,607,276,26,8
sprite538,223,278,4,5
sprite539,233,278,4,5
sprite540,228,280,4,3
sprite541,34,285,32,64
sprite542,100,285,32,64
sprite543,133,285,32,64
sprite544,166,285,32,64
sprite545,199,285,32,64
sprite546,232,285,32,64
sprite547,298,285,32,8
sprite548,364,285,32,8
sprite549,601,285,7,7
sprite550,610,285,7,7
sprite551,397,286,16,31
sprite552,412,286,1,1
sprite553,414,286,16,31
sprite554,459,286,1,1
sprite555,620,286,5,5
sprite556,1,287,32,62
sprite557,67,287,32,62
sprite558,265,287,32,5
sprite559,331,287,32,5
sprite560,431,287,16,30
sprite561,456,287,1,1
sprite562,448,287,16,30
sprite563,630,287,3,3
sprite564,639,287,3,3
sprite565,601,314,80,80
sprite566,829,314,32,80
sprite567,682,329,32,16
sprite568,719,329,28,16
sprite569,682,346,48,48
sprite570,729,346,1,1
sprite571,731,346,48,48
sprite572,778,346,1,1
sprite573,780,346,48,48
sprite574,827,346,1,1
sprite575,680,348,1,2
sprite576,860,348,1,2
sprite577,103,350,16,16
sprite578,120,350,16,16
sprite579,137,350,16,16
sprite580,154,350,16,16
sprite581,171,350,16,16
sprite582,188,350,16,16
sprite583,20,351,14,9
sprite584,224,351,13,9
sprite585,8,352,9,12
sprite586,36,352,11,11
sprite587,212,352,9,9
sprite588,240,352,6,11
sprite589,52,353,7,12
sprite590,73,355,1,1
sprite591,89,356,1,1
sprite592,258,356,2,2
sprite593,71,357,2,2
sprite594,75,358,1,1
sprite595,91,359,1,1
sprite596,69,360,2,2
sprite597,73,360,1,1
sprite598,256,360,5,5
sprite599,273,360,2,2
sprite600,72,362,2,2
sprite601,276,362,2,2
sprite602,90,363,1,1
sprite603,294,363,1,1
sprite604,70,364,1,1
sprite605,55,367,8,10
sprite606,103,367,16,16
sprite607,120,367,16,16
sprite608,137,367,16,16
sprite609,154,367,16,16
sprite610,171,367,16,16
sprite611,188,367,16,16
sprite612,262,367,5,4
sprite613,38,368,11,13
sprite614,75,368,5,4
sprite615,242,368,11,11
sprite616,279,368,3,2
sprite617,19,369,15,14
sprite618,223,369,15,14
sprite619,94,370,1,1
sprite620,260,370,2,3
sprite621,283,370,1,1
sprite622,92,371,1,2
sprite623,296,371,1,1
sprite624,64,372,2,6
sprite625,73,372,1,1
sprite626,268,372,2,4
sprite627,75,373,1,1
sprite628,79,373,1,1
sprite629,96,373,1,2
sprite630,300,373,1,1
sprite631,9,374,1,1
sprite632,81,374,1,1
sprite633,213,374,1,1
sprite634,259,374,1,1
sprite635,74,375,1,1
sprite636,98,375,1,1
sprite637,5,376,9,7
sprite638,55,376,1,2
sprite639,72,376,1,1
sprite640,82,376,1,1
sprite641,213,376,4,5
sprite642,36,377,1,1
sprite643,89,377,1,1
sprite644,211,377,1,1
sprite645,240,377,1,1
sprite646,49,379,1,1
sprite647,210,379,3,2
sprite648,253,379,1,1
sprite649,45,380,1,2
sprite650,680,380,1,2
sprite651,860,380,1,2
sprite652,37,381,1,2
sprite653,49,381,1,2
sprite654,62,381,1,1
sprite655,54,382,1,1
sprite656,66,382,1,1
sprite657,209,382,1,1
sprite658,217,382,1,1
sprite659,25,384,8,32
sprite660,58,384,8,32
sprite661,91,384,8,32
sprite662,124,384,8,32
sprite663,157,384,8,32
sprite664,171,386,38,14
sprite665,315,386,12,12
sprite666,225,387,28,21
sprite667,275,387,26,23
sprite668,5,388,2,2
sprite669,22,388,2,2
sprite670,38,388,2,2
sprite671,55,388,2,2
sprite672,71,388,2,2
sprite673,88,388,2,2
sprite674,104,388,2,2
sprite675,121,388,2,2
sprite676,137,388,2,2
sprite677,154,388,2,2
sprite678,334,388,8,8
sprite679,5,393,8,14
sprite680,15,393,8,14
sprite681,40,393,8,14
sprite682,50,393,7,14
sprite683,75,393,8,14
sprite684,85,393,5,14
sprite685,110,393,8,14
sprite686,120,393,3,14
sprite687,145,393,8,14
sprite688,155,393,1,14
sprite689,137,394,6,12
sprite690,104,396,4,8
sprite691,71,398,2,4
sprite692,5,410,2,2
sprite693,22,410,2,2
sprite694,38,410,2,2
sprite695,55,410,2,2
sprite696,71,410,2,2
sprite697,88,410,2,2
sprite698,104,410,2,2
sprite699,121,410,2,2
sprite700,137,410,2,2
sprite701,154,410,2,2
sprite702,1,417,48,48
sprite703,434,417,45,48
sprite704,563,417,64,61
sprite705,628,417,64,16
sprite706,778,417,22,25
sprite707,832,417,23,25
sprite708,51,418,46,46
sprite709,100,418,46,46
sprite710,217,418,14,47
sprite711,268,418,30,47
sprite712,301,418,30,47
sprite713,334,418,30,47
sprite714,367,418,30,47
sprite715,399,418,32,47
sprite716,707,418,17,16
sprite717,729,418,9,27
sprite718,746,418,9,27
sprite719,763,418,9,27
sprite720,251,419,14,46
sprite721,235,420,13,45
sprite722,806,420,22,22
sprite723,516,421,45,44
sprite724,484,422,25,22
sprite725,699,423,6,6
sprite726,187,426,7,39
sprite727,203,426,7,39
sprite728,694,431,16,17
sprite729,709,433,12,12
sprite730,632,434,56,32
sprite731,154,441,5,24
sprite732,170,441,5,24
sprite733,777,444,8,8
sprite734,796,446,6,6
sprite735,788,447,3,3
sprite736,806,447,3,3
sprite737,693,450,16,16
sprite738,728,452,3,3
sprite739,738,452,1,2
sprite740,747,453,1,1
sprite741,778,453,14,16
sprite742,803,454,5,6
sprite743,846,454,19,19
sprite744,739,455,2,2
sprite745,755,455,4,2
sprite746,797,455,4,4
sprite747,820,455,3,3
sprite748,815,456,2,2
sprite749,832,456,1,1
sprite750,838,456,1,1
sprite751,822,458,3,3
sprite752,796,459,7,7
sprite753,817,459,3,3
sprite754,835,460,1,1
sprite755,729,461,1,1
sprite756,748,462,2,1
sprite757,800,462,9,7
sprite758,814,462,2,3
sprite759,730,463,1,1
sprite760,739,463,1,1
sprite761,822,463,3,4
sprite762,840,463,2,2
sprite763,756,464,1,1
sprite764,830,464,1,1
sprite765,818,466,2,2
sprite766,639,467,42,11
sprite767,693,467,8,8
sprite768,835,467,1,1
sprite769,795,470,8,8
sprite770,805,470,1,1
sprite771,807,470,1,1
sprite772,787,471,6,6
sprite773,810,471,1,1
sprite774,779,472,4,4
sprite775,804,473,1,1
sprite776,811,473,1,1
sprite777,806,476,1,1
sprite778,810,476,1,1
sprite779,695,477,3,1
sprite780,808,477,1,1