sprite1,18,0,16,16
sprite2,35,0,16,16
sprite3,52,0,16,16
sprite4,69,0,16,16
sprite5,86,0,16,16
sprite6,103,0,16,16
sprite7,123,0,10,16
sprite8,137,0,16,15
sprite9,154,0,16,15
sprite10,171,0,16,15
sprite11,188,0,16,16
sprite12,222,0,16,16
sprite13,239,0,16,16
sprite14,256,0,16,16
sprite15,205,1,16,15
sprite16,35,17,16,16
sprite17,69,17,16,16
sprite18,86,17,16,16
sprite19,112,17,7,16
sprite20,120,17,7,16
sprite21,137,17,16,15
sprite22,154,17,16,15
sprite23,171,17,16,15
sprite24,188,17,16,16
sprite25,205,17,16,15
sprite26,222,17,16,16
sprite27,240,17,15,16
sprite28,256,17,15,16
sprite29,18,18,16,15
sprite30,52,18,16,15
sprite31,3,23,11,10
sprite32,52,34,16,16
sprite33,69,34,16,16
sprite34,86,34,16,16
sprite35,112,34,7,16
sprite36,120,34,7,16
sprite37,137,34,16,15
sprite38,154,34,16,15
sprite39,171,34,16,15
sprite40,188,34,16,15
sprite41,205,34,16,15
sprite42,222,34,16,15
sprite43,239,34,16,16
sprite44,256,34,16,16
sprite45,4,42,13,8
sprite46,18,42,16,8
sprite47,35,42,13,8
sprite48,1,51,16,16
sprite49,18,51,16,16
sprite50,35,51,16,16
sprite51,52,51,16,16
sprite52,69,51,16,16
sprite53,86,51,16,16
sprite54,104,51,14,16
sprite55,120,51,16,16
sprite56,137,51,16,16
sprite57,154,51,16,16
sprite58,171,51,16,16
sprite59,188,51,16,16
sprite60,205,51,16,16
sprite61,222,51,16,16
sprite62,239,51,16,16
sprite63,256,51,16,16
sprite64,1,68,16,16
sprite65,18,68,16,16
sprite66,35,68,16,16
sprite67,52,68,16,16
sprite68,69,68,16,16
sprite69,86,68,16,16
sprite70,104,68,14,16
sprite71,124,68,12,16
sprite72,137,68,16,16
sprite73,154,68,12,16
sprite74,175,68,12,16
sprite75,188,68,16,16
sprite76,205,68,12,16
sprite77,226,68,8,16
sprite78,243,68,8,16
sprite79,260,68,8,16
sprite80,69,85,16,11
sprite81,103,85,16,16
sprite82,124,85,12,16
sprite83,137,85,4,16
sprite84,148,85,5,16
sprite85,154,85,12,16
sprite86,175,85,12,16
sprite87,188,85,16,16
sprite88,205,85,12,16
sprite89,226,85,8,16
sprite90,243,85,8,16
sprite91,260,85,8,16
sprite92,5,89,8,9
sprite93,22,89,8,9
sprite94,39,89,8,9
sprite95,56,89,8,9
sprite96,86,90,16,11
sprite97,24,102,4,16
sprite98,35,102,16,16
sprite99,52,102,16,16
sprite100,69,102,11,16
sprite101,91,102,11,16
sprite102,103,102,16,16
sprite103,124,102,12,16
sprite104,137,102,4,16
sprite105,148,102,5,16
sprite106,154,102,12,16
sprite107,175,102,12,16
sprite108,188,102,16,16
sprite109,205,102,12,16
sprite110,222,102,16,16
sprite111,239,102,16,16
sprite112,256,102,16,16
sprite113,1,108,16,4
sprite114,56,119,9,13
sprite115,86,119,13,13
sprite116,107,119,12,13
sprite117,137,119,16,16
sprite118,154,119,16,16
sprite119,171,119,16,16
sprite120,188,119,16,16
sprite121,205,119,16,16
sprite122,223,119,15,14
sprite123,239,119,16,16
sprite124,256,122,15,13
sprite125,5,123,12,9
sprite126,18,123,13,9
sprite127,39,123,9,12
sprite128,73,123,12,12
sprite129,120,123,13,12
sprite130,57,136,6,11
sprite131,86,136,11,11
sprite132,108,136,11,11
sprite133,154,136,16,16
sprite134,171,136,16,16
sprite135,188,136,16,16
sprite136,205,136,16,16
sprite137,141,139,8,8
sprite138,222,139,16,13
sprite139,239,139,16,13
sprite140,6,141,11,6
sprite141,18,141,11,6
sprite142,40,141,6,11
sprite143,74,141,11,11
sprite144,120,141,11,11
sprite145,256,144,15,8
sprite146,23,153,6,16
sprite147,35,153,16,16
sprite148,52,153,16,16
sprite149,74,153,11,11
sprite150,120,153,11,11
sprite151,142,153,11,11
sprite152,159,153,11,16
sprite153,171,153,11,16
sprite154,188,153,11,11
sprite155,239,153,16,11
sprite156,261,153,11,11
sprite157,1,158,16,6
sprite158,91,158,11,11
sprite159,103,158,11,11
sprite160,210,158,11,11
sprite161,222,158,16,11
sprite162,18,170,11,16
sprite163,40,170,11,16
sprite164,69,170,11,11
sprite165,86,170,16,11
sprite166,177,170,10,16
sprite167,188,170,2,2
sprite168,211,170,10,16
sprite169,253,170,2,2
sprite170,256,170,16,10
sprite171,1,175,11,11
sprite172,57,175,11,11
sprite173,103,175,16,11
sprite174,120,175,11,11
sprite175,154,176,16,10
sprite176,151,184,2,2
sprite177,222,184,2,2
sprite178,49,187,2,2
sprite179,52,187,10,16
sprite180,86,187,10,16
sprite181,103,187,16,10
sprite182,120,187,2,2
sprite183,137,187,16,16
sprite184,154,187,16,16
sprite185,171,187,16,16
sprite186,188,187,16,16
sprite187,205,187,16,16
sprite188,222,187,16,16
sprite189,239,187,16,16
sprite190,256,187,16,16
sprite191,1,193,16,10
sprite192,18,201,2,2
sprite193,83,201,2,2
sprite194,1,204,16,16
sprite195,18,204,16,16
sprite196,35,204,16,16
sprite197,52,204,16,16
sprite198,69,204,16,16
sprite199,86,204,16,16
sprite200,103,204,16,16
sprite201,120,204,16,16
sprite202,137,204,16,16
sprite203,154,204,16,16
sprite204,171,204,16,16
sprite205,188,204,16,16
sprite206,205,204,16,16
sprite207,222,204,16,16
sprite208,239,204,16,16
sprite209,256,204,16,16
sprite210,1,221,16,16
sprite211,18,221,16,16
sprite212,35,221,16,16
sprite213,52,221,16,16
sprite214,69,221,16,16
sprite215,86,221,16,16
sprite216,103,221,16,16
sprite217,120,221,16,16
sprite218,137,221,16,16
sprite219,154,221,16,16
sprite220,171,221,16,16
sprite221,188,221,16,16
sprite222,205,221,16,16
sprite223,222,221,16,16
sprite224,239,221,16,16
sprite225,256,221,16,16
sprite226,1,238,16,16
sprite227,18,238,16,16
sprite228,35,238,16,16
sprite229,52,238,16,16
sprite230,69,238,16,16
sprite231,86,238,16,16
sprite232,103,238,16,16
sprite233,120,238,16,16
sprite234,137,238,16,16
sprite235,154,238,16,16
sprite236,171,238,16,16
sprite237,188,238,16,16
sprite238,205,238,16,16
sprite239,222,238,16,16
sprite240,239,238,16,16
sprite241,256,238,16,16
sprite242,1,255,16,16
sprite243,18,255,16,16
sprite244,35,255,16,16
sprite245,52,255,16,16
sprite246,69,255,16,16
sprite247,86,255,16,16
sprite248,103,255,16,16
sprite249,120,255,16,16
sprite250,137,255,16,16
sprite251,154,255,16,16
sprite252,171,255,16,16
sprite253,188,255,16,16
sprite254,205,255,16,16
sprite255,222,255,16,16
sprite256,239,255,16,16
sprite257,256,255,16,16
sprite258,1,272,16,16
sprite259,103,272,16,15
sprite260,120,272,16,15
sprite261,205,272,16,15
sprite262,222,272,16,15
sprite263,87,273,15,15
sprite264,137,273,15,15
sprite265,189,273,15,15
sprite266,239,273,15,15
sprite267,18,275,16,10
sprite268,52,275,16,10
sprite269,35,278,16,4
sprite270,1,289,16,16
sprite271,69,289,16,15
sprite272,86,289,15,15
sprite273,138,289,15,15
sprite274,154,289,16,15
sprite275,171,289,16,15
sprite276,188,289,15,15
sprite277,240,289,15,15
sprite278,256,289,16,15
sprite279,22,292,8,8
sprite280,103,306,16,15
sprite281,120,306,16,15
sprite282,205,306,16,15
sprite283,222,306,16,15
sprite284,87,307,15,15
sprite285,137,307,15,15
sprite286,189,307,15,15
sprite287,239,307,15,15
sprite288,69,323,16,15
sprite289,86,323,15,15
sprite290,138,323,15,15
sprite291,154,323,16,15
sprite292,171,323,16,15
sprite293,188,323,15,15
sprite294,240,323,15,15
sprite295,256,323,16,15
sprite296,103,340,16,15
sprite297,120,340,16,15
sprite298,205,340,16,15
sprite299,222,340,16,15
sprite300,87,341,15,15
sprite301,137,341,15,15
sprite302,189,341,15,15
sprite303,239,341,15,15
sprite304,35,357,16,16
sprite305,52,357,16,16
sprite306,69,357,16,15
sprite307,86,357,15,15
sprite308,138,357,15,15
sprite309,154,357,16,15
sprite310,171,357,16,15
sprite311,188,357,15,15
sprite312,240,357,15,15
sprite313,256,357,16,15
sprite314,103,374,16,15
sprite315,120,374,16,15
sprite316,205,374,16,15
sprite317,222,374,16,15
sprite318,36,375,4,4
sprite319,41,375,4,3
sprite320,46,375,4,4
sprite321,53,375,4,4
sprite322,58,375,4,3
sprite323,63,375,4,4
sprite324,87,375,15,15
sprite325,137,375,15,15
sprite326,189,375,15,15
sprite327,239,375,15,15
sprite328,36,380,3,4
sprite329,47,380,3,4
sprite330,53,380,3,4
sprite331,64,380,3,4
sprite332,36,385,4,4
sprite333,46,385,4,4
sprite334,53,385,4,4
sprite335,63,385,4,4
sprite336,41,386,4,3
sprite337,58,386,4,3
sprite338,35,391,16,16
sprite339,52,391,16,16
sprite340,69,391,16,15
sprite341,86,391,15,15
sprite342,138,391,15,15
sprite343,154,391,16,15
sprite344,171,391,16,15
sprite345,188,391,15,15
sprite346,240,391,15,15
sprite347,256,391,16,15
sprite348,1,408,16,16
sprite349,18,408,16,16
sprite350,35,408,16,16
sprite351,52,408,16,16
sprite352,69,408,16,16
sprite353,103,408,16,16
sprite354,171,408,16,15
sprite355,188,408,16,15
sprite356,205,408,16,15
sprite357,222,408,16,15
sprite358,239,408,16,15
sprite359,256,408,16,15
sprite360,86,409,16,15
sprite361,1,425,16,16
sprite362,18,425,16,16
sprite363,35,425,16,16
sprite364,52,425,16,16
sprite365,69,425,16,16
sprite366,86,425,16,15
sprite367,103,425,16,16
sprite368,171,425,16,15
sprite369,188,425,16,15
sprite370,205,425,16,15
sprite371,222,425,16,15
sprite372,239,425,16,15
sprite373,256,425,16,15
sprite374,1,442,16,16
sprite375,18,442,16,16
sprite376,35,442,16,16
sprite377,52,442,16,16
sprite378,69,442,16,16
sprite379,86,442,16,16
sprite380,103,442,16,16
sprite381,120,442,16,16
sprite382,137,442,16,16
sprite383,154,442,16,16
sprite384,171,442,16,16
sprite385,188,442,16,16
sprite386,205,442,16,16
sprite387,222,442,16,16
sprite388,239,442,16,16
sprite389,256,442,16,16
sprite390,1,459,16,16
sprite391,18,459,16,16
sprite392,35,459,16,16
sprite393,52,459,16,16
sprite394,69,459,16,16
sprite395,86,459,16,16
sprite396,103,459,16,16
sprite397,120,459,16,16
sprite398,137,459,16,16
sprite399,154,459,16,16
sprite400,171,459,16,16
sprite401,188,459,16,16
sprite402,205,459,16,16
sprite403,222,459,16,16
sprite404,239,459,16,16
sprite405,256,459,16,16
sprite406,18,476,16,16
sprite407,35,476,16,16
sprite408,69,476,16,16
sprite409,86,476,16,16
sprite410,103,476,16,16
sprite411,120,476,16,16
sprite412,137,476,16,16
sprite413,154,476,16,16
sprite414,171,476,16,16
sprite415,188,476,16,16
sprite416,205,476,16,16
sprite417,222,476,16,16
sprite418,239,476,16,16
sprite419,256,476,16,16
sprite420,1,484,16,8
sprite421,52,484,16,8
sprite422,1,493,16,16
sprite423,18,493,16,16
sprite424,35,493,16,16
sprite425,52,493,16,16
sprite426,69,493,16,16
sprite427,86,493,16,16
sprite428,103,493,16,16
sprite429,120,493,16,16
sprite430,137,493,16,16
sprite431,154,493,16,16
sprite432,171,493,16,16
sprite433,188,493,16,16
sprite434,205,493,16,16
sprite435,222,493,16,16
sprite436,239,493,16,16
sprite437,256,493,16,16
sprite438,1,510,16,16
sprite439,18,510,16,16
sprite440,35,510,16,16
sprite441,52,510,16,16
sprite442,69,510,16,16
sprite443,86,510,16,16
sprite444,103,510,16,16
sprite445,120,510,16,16
sprite446,137,510,16,16
sprite447,154,510,16,16
sprite448,171,510,16,16
sprite449,188,510,16,16
sprite450,205,510,16,16
sprite451,222,510,16,16
sprite452,239,510,16,16
sprite453,256,510,16,16
sprite454,1,527,16,8
sprite455,18,527,16,16
sprite456,35,527,16,16
sprite457,52,527,16,8
sprite458,69,527,16,16
sprite459,86,527,16,16
sprite460,103,527,16,16
sprite461,120,527,16,16
sprite462,137,527,16,16
sprite463,154,527,16,16
sprite464,171,527,16,16
sprite465,188,527,16,16
sprite466,205,527,16,16
sprite467,222,527,16,16
sprite468,239,527,16,16
sprite469,256,527,16,16
sprite470,18,544,16,16
sprite471,35,544,16,16
sprite472,137,544,13,13
sprite473,158,544,12,13
sprite474,205,544,11,11
sprite475,227,544,11,11
sprite476,70,545,4,4
sprite477,97,545,4,4
sprite478,124,548,9,9
sprite479,171,548,13,12
sprite480,192,548,12,12
sprite481,108,549,6,6
sprite482,239,549,11,11
sprite483,261,549,11,11
sprite484,75,550,4,4
sprite485,92,550,4,4
sprite486,1,552,16,8
sprite487,52,552,16,8
sprite488,80,555,4,4
sprite489,87,555,4,4
sprite490,1,561,16,16
sprite491,18,561,16,8
sprite492,35,561,16,8
sprite493,52,561,16,16
sprite494,69,561,13,13
sprite495,86,561,16,13
sprite496,103,561,16,13
sprite497,120,561,16,16
sprite498,137,561,13,16
sprite499,154,561,13,16
sprite500,171,561,13,13
sprite501,188,561,16,13
sprite502,209,561,12,13
sprite503,226,561,12,13
sprite504,243,561,12,16
sprite505,260,561,12,16
sprite506,1,578,16,16
sprite507,18,578,16,13
sprite508,35,578,13,16
sprite509,52,578,13,16
sprite510,69,578,16,16
sprite511,154,578,16,16
sprite512,175,578,12,16
sprite513,192,578,12,16
sprite514,86,582,16,12
sprite515,103,582,16,12
sprite516,120,582,13,12
sprite517,137,582,13,12
sprite518,209,582,12,12
sprite519,226,582,12,12
sprite520,239,582,16,12
sprite521,256,582,16,12
sprite522,1,595,16,16
sprite523,18,595,16,16
sprite524,35,595,16,16
sprite525,52,595,16,16
sprite526,69,595,16,16
sprite527,86,595,16,16
sprite528,103,595,16,16
sprite529,120,595,16,16
sprite530,137,595,16,16
sprite531,154,595,16,16
sprite532,171,595,16,16
sprite533,188,595,16,16
sprite534,205,595,16,16
sprite535,222,595,16,16
sprite536,239,595,16,16
sprite537,256,595,16,16
sprite538,1,629,16,16
sprite539,35,629,16,16
sprite540,52,629,16,16
sprite541,86,629,16,16
sprite542,103,629,16,16
sprite543,120,629,16,16
sprite544,137,629,16,16
sprite545,154,629,16,16
sprite546,171,629,16,16
sprite547,188,629,16,16
sprite548,205,629,16,16
sprite549,222,629,16,16
sprite550,239,629,16,16
sprite551,256,629,16,16
sprite552,18,630,16,15
sprite553,69,630,16,15
sprite554,1,646,16,16
sprite555,18,646,16,15
sprite556,35,646,16,16
sprite557,52,646,16,16
sprite558,69,646,16,15
sprite559,86,646,16,16
sprite560,104,646,15,16
sprite561,120,646,15,16
sprite562,138,646,15,16
sprite563,154,646,15,16
sprite564,172,646,15,16
sprite565,188,646,15,16
sprite566,205,646,16,16
sprite567,222,646,16,16
sprite568,239,646,16,16
sprite569,1,663,16,15
sprite570,18,663,16,15
sprite571,35,663,16,15
sprite572,86,663,16,15
sprite573,103,663,16,15
sprite574,188,663,16,15
sprite575,205,663,16,15
sprite576,256,663,15,16
sprite577,70,664,15,15
sprite578,120,664,15,15
sprite579,172,664,15,15
sprite580,222,664,15,15
sprite581,1,680,16,15
sprite582,18,680,16,15
sprite583,35,680,16,15
sprite584,52,680,16,15
sprite585,69,680,15,15
sprite586,121,680,15,15
sprite587,137,680,16,15
sprite588,154,680,16,15
sprite589,171,680,15,15
sprite590,223,680,15,15
sprite591,239,680,16,15
sprite592,259,680,9,16
sprite593,1,697,16,15
sprite594,18,697,16,15
sprite595,35,697,16,15
sprite596,86,697,16,15
sprite597,103,697,16,15
sprite598,188,697,16,15
sprite599,205,697,16,15
sprite600,256,697,15,16
sprite601,70,698,15,15
sprite602,120,698,15,15
sprite603,172,698,15,15
sprite604,222,698,15,15
sprite605,1,714,16,15
sprite606,18,714,16,15
sprite607,35,714,16,15
sprite608,52,714,16,15
sprite609,69,714,15,15
sprite610,121,714,15,15
sprite611,137,714,16,15
sprite612,154,714,16,15
sprite613,171,714,15,15
sprite614,223,714,15,15
sprite615,239,714,16,15
sprite616,259,714,9,16
sprite617,1,731,16,16
sprite618,35,731,16,16
sprite619,20,733,5,5
sprite620,27,733,5,5
sprite621,56,734,8,8
sprite622,20,740,5,5
sprite623,27,740,5,5