sprite1,18,0,16,16
sprite2,35,0,16,16
sprite3,52,0,16,16
sprite4,69,0,16,16
sprite5,86,0,16,16
sprite6,103,0,16,16
sprite7,123,0,10,16
sprite8,137,0,16,15
sprite9,154,0,16,15
sprite10,171,0,16,15
sprite11,188,0,16,16
sprite12,222,0,16,16
sprite13,239,0,16,16
sprite14,256,0,16,16
sprite15,205,1,16,15
sprite16,35,17,16,16
sprite17,69,17,16,16
sprite18,86,17,16,16
sprite19,111,17,8,16
sprite20,120,17,8,16
sprite21,137,17,16,15
sprite22,154,17,16,15
sprite23,171,17,16,15
sprite24,188,17,16,16
sprite25,205,17,16,15
sprite26,222,17,16,16
sprite27,240,17,15,16
sprite28,256,17,15,16
sprite29,2,18,15,15
sprite30,18,18,16,15
sprite31,52,18,16,15
sprite32,52,34,16,16
sprite33,69,34,16,16
sprite34,86,34,16,16
sprite35,111,34,8,16
sprite36,120,34,8,16
sprite37,137,34,16,15
sprite38,154,34,16,15
sprite39,171,34,16,15
sprite40,188,34,16,15
sprite41,205,34,16,15
sprite42,222,34,16,15
sprite43,239,34,16,16
sprite44,256,34,16,16
sprite45,4,42,13,8
sprite46,18,42,16,8
sprite47,35,42,13,8
sprite48,1,51,16,16
sprite49,18,51,16,16
sprite50,35,51,16,16
sprite51,52,51,16,16
sprite52,69,51,16,16
sprite53,86,51,16,16
sprite54,103,51,16,16
sprite55,120,51,16,16
sprite56,137,51,16,16
sprite57,154,51,16,16
sprite58,171,51,16,16
sprite59,188,51,16,16
sprite60,205,51,16,16
sprite61,222,51,16,16
sprite62,239,51,16,16
sprite63,256,51,16,16
sprite64,1,68,16,16
sprite65,18,68,16,16
sprite66,35,68,16,16
sprite67,52,68,16,16
sprite68,69,68,16,16
sprite69,86,68,16,16
sprite70,103,68,16,16
sprite71,122,68,11,16
sprite72,139,68,11,16
sprite73,156,68,11,16
sprite74,171,68,16,16
sprite75,188,68,16,16
sprite76,205,68,16,16
sprite77,224,68,14,16
sprite78,239,68,16,16
sprite79,256,68,15,16
sprite80,69,85,16,11
sprite81,103,85,16,16
sprite82,122,85,11,16
sprite83,139,85,11,16
sprite84,156,85,11,16
sprite85,171,85,16,16
sprite86,188,85,16,16
sprite87,205,85,16,16
sprite88,224,85,14,16
sprite89,239,85,11,16
sprite90,250,85,5,16
sprite91,256,85,15,16
sprite92,5,89,8,9
sprite93,22,89,8,9
sprite94,39,89,8,9
sprite95,56,89,8,9
sprite96,86,90,16,11
sprite97,24,102,4,16
sprite98,35,102,16,16
sprite99,52,102,16,16
sprite100,69,102,11,16
sprite101,91,102,11,16
sprite102,103,102,16,16
sprite103,120,102,15,16
sprite104,137,102,15,16
sprite105,154,102,15,16
sprite106,171,102,16,16
sprite107,188,102,16,16
sprite108,205,102,16,16
sprite109,225,102,13,16
sprite110,239,102,16,16
sprite111,256,102,10,15
sprite112,1,108,16,4
sprite113,56,119,9,13
sprite114,86,119,13,13
sprite115,107,119,12,13
sprite116,137,119,16,16
sprite117,154,119,16,16
sprite118,171,119,16,16
sprite119,188,119,16,16
sprite120,205,119,16,16
sprite121,223,119,15,14
sprite122,239,119,16,16
sprite123,256,119,1,1
sprite124,256,122,15,13
sprite125,5,123,12,9
sprite126,18,123,13,9
sprite127,39,123,9,12
sprite128,73,123,12,12
sprite129,120,123,13,12
sprite130,57,136,6,11
sprite131,86,136,11,11
sprite132,108,136,11,11
sprite133,154,136,16,16
sprite134,171,136,16,16
sprite135,188,136,16,16
sprite136,205,136,16,16
sprite137,239,136,16,16
sprite138,256,137,1,3
sprite139,223,138,15,13
sprite140,256,138,15,13
sprite141,141,139,8,8
sprite142,6,141,11,6
sprite143,18,141,11,6
sprite144,40,141,6,11
sprite145,74,141,11,11
sprite146,120,141,11,11
sprite147,23,153,6,16
sprite148,35,153,16,16
sprite149,52,153,16,16
sprite150,74,153,11,11
sprite151,120,153,11,11
sprite152,142,153,11,11
sprite153,159,153,11,16
sprite154,171,153,11,16
sprite155,188,153,11,11
sprite156,239,153,16,11
sprite157,261,153,11,11
sprite158,1,158,16,6
sprite159,91,158,11,11
sprite160,103,158,11,11
sprite161,210,158,11,11
sprite162,222,158,16,11
sprite163,18,170,11,16
sprite164,40,170,11,16
sprite165,69,170,11,11
sprite166,86,170,16,11
sprite167,177,170,10,16
sprite168,188,170,2,2
sprite169,211,170,10,16
sprite170,253,170,2,2
sprite171,256,170,16,10
sprite172,1,175,11,11
sprite173,57,175,11,11
sprite174,103,175,16,11
sprite175,120,175,11,11
sprite176,154,176,16,10
sprite177,151,184,2,2
sprite178,222,184,2,2
sprite179,49,187,2,2
sprite180,52,187,10,16
sprite181,86,187,10,16
sprite182,103,187,16,10
sprite183,120,187,2,2
sprite184,137,187,16,16
sprite185,154,187,16,16
sprite186,171,187,16,16
sprite187,188,187,16,16
sprite188,205,187,16,16
sprite189,222,187,16,16
sprite190,239,187,16,16
sprite191,256,187,16,16
sprite192,1,193,16,10
sprite193,18,201,2,2
sprite194,83,201,2,2
sprite195,1,204,16,16
sprite196,18,204,16,16
sprite197,35,204,16,16
sprite198,52,204,16,16
sprite199,69,204,16,16
sprite200,86,204,16,16
sprite201,103,204,16,16
sprite202,120,204,16,16
sprite203,137,204,16,16
sprite204,154,204,16,16
sprite205,171,204,16,16
sprite206,188,204,16,16
sprite207,205,204,16,16
sprite208,222,204,16,16
sprite209,239,204,16,16
sprite210,256,204,16,16
sprite211,1,221,16,16
sprite212,18,221,16,16
sprite213,35,221,16,16
sprite214,52,221,16,16
sprite215,69,221,16,16
sprite216,86,221,16,16
sprite217,103,221,16,16
sprite218,120,221,16,16
sprite219,137,221,16,16
sprite220,154,221,16,16
sprite221,171,221,16,16
sprite222,188,221,16,16
sprite223,205,221,16,16
sprite224,222,221,16,16
sprite225,239,221,16,16
sprite226,256,221,16,16
sprite227,1,238,16,16
sprite228,18,238,16,16
sprite229,35,238,16,16
sprite230,52,238,16,16
sprite231,69,238,16,16
sprite232,86,238,16,16
sprite233,103,238,16,16
sprite234,120,238,16,16
sprite235,137,238,16,16
sprite236,154,238,16,16
sprite237,171,238,16,16
sprite238,188,238,16,16
sprite239,205,238,16,16
sprite240,222,238,16,16
sprite241,239,238,16,16
sprite242,256,238,16,16
sprite243,1,255,16,16
sprite244,18,255,16,16
sprite245,35,255,16,16
sprite246,52,255,16,16
sprite247,69,255,16,16
sprite248,86,255,16,16
sprite249,103,255,16,16
sprite250,120,255,16,16
sprite251,137,255,16,16
sprite252,154,255,16,16
sprite253,171,255,16,16
sprite254,188,255,16,16
sprite255,205,255,16,16
sprite256,222,255,16,16
sprite257,239,255,16,16
sprite258,256,255,16,16
sprite259,1,272,16,16
sprite260,103,272,16,15
sprite261,120,272,16,15
sprite262,205,272,16,15
sprite263,222,272,16,15
sprite264,87,273,15,15
sprite265,137,273,15,15
sprite266,189,273,15,15
sprite267,239,273,15,15
sprite268,18,275,16,10
sprite269,52,275,16,10
sprite270,35,278,16,4
sprite271,1,289,16,16
sprite272,69,289,16,15
sprite273,86,289,15,15
sprite274,138,289,15,15
sprite275,154,289,16,15
sprite276,171,289,16,15
sprite277,188,289,15,15
sprite278,240,289,15,15
sprite279,256,289,16,15
sprite280,22,292,8,8
sprite281,103,306,16,15
sprite282,120,306,16,15
sprite283,205,306,16,15
sprite284,222,306,16,15
sprite285,87,307,15,15
sprite286,137,307,15,15
sprite287,189,307,15,15
sprite288,239,307,15,15
sprite289,69,323,16,15
sprite290,86,323,15,15
sprite291,138,323,15,15
sprite292,154,323,16,15
sprite293,171,323,16,15
sprite294,188,323,15,15
sprite295,240,323,15,15
sprite296,256,323,16,15
sprite297,103,340,16,15
sprite298,120,340,16,15
sprite299,205,340,16,15
sprite300,222,340,16,15
sprite301,87,341,15,15
sprite302,137,341,15,15
sprite303,189,341,15,15
sprite304,239,341,15,15
sprite305,35,357,16,16
sprite306,52,357,16,16
sprite307,69,357,16,15
sprite308,86,357,15,15
sprite309,138,357,15,15
sprite310,154,357,16,15
sprite311,171,357,16,15
sprite312,188,357,15,15
sprite313,240,357,15,15
sprite314,256,357,16,15
sprite315,103,374,16,15
sprite316,120,374,16,15
sprite317,205,374,16,15
sprite318,222,374,16,15
sprite319,36,375,4,4
sprite320,41,375,4,3
sprite321,46,375,4,4
sprite322,53,375,4,4
sprite323,58,375,4,3
sprite324,63,375,4,4
sprite325,87,375,15,15
sprite326,137,375,15,15
sprite327,189,375,15,15
sprite328,239,375,15,15
sprite329,36,380,3,4
sprite330,47,380,3,4
sprite331,53,380,3,4
sprite332,64,380,3,4
sprite333,36,385,4,4
sprite334,46,385,4,4
sprite335,53,385,4,4
sprite336,63,385,4,4
sprite337,41,386,4,3
sprite338,58,386,4,3
sprite339,35,391,16,16
sprite340,52,391,16,16
sprite341,69,391,16,15
sprite342,86,391,15,15
sprite343,138,391,15,15
sprite344,154,391,16,15
sprite345,171,391,16,15
sprite346,188,391,15,15
sprite347,240,391,15,15
sprite348,256,391,16,15
sprite349,1,408,16,16
sprite350,18,408,16,16
sprite351,35,408,16,16
sprite352,52,408,16,16
sprite353,69,408,16,16
sprite354,103,408,16,16
sprite355,171,408,16,15
sprite356,188,408,16,15
sprite357,205,408,16,15
sprite358,222,408,16,15
sprite359,239,408,16,15
sprite360,256,408,16,15
sprite361,86,409,16,15
sprite362,1,425,16,16
sprite363,18,425,16,16
sprite364,35,425,16,16
sprite365,52,425,16,16
sprite366,69,425,16,16
sprite367,86,425,16,15
sprite368,103,425,16,16
sprite369,171,425,16,15
sprite370,188,425,16,15
sprite371,205,425,16,15
sprite372,222,425,16,15
sprite373,239,425,16,15
sprite374,256,425,16,15
sprite375,1,442,16,16
sprite376,18,442,16,16
sprite377,35,442,16,16
sprite378,52,442,16,16
sprite379,69,442,16,16
sprite380,86,442,16,16
sprite381,103,442,16,16
sprite382,120,442,16,16
sprite383,137,442,16,16
sprite384,154,442,16,16
sprite385,171,442,16,16
sprite386,188,442,16,16
sprite387,205,442,16,16
sprite388,222,442,16,16
sprite389,239,442,16,16
sprite390,256,442,16,16
sprite391,1,459,16,16
sprite392,18,459,16,16
sprite393,35,459,16,16
sprite394,52,459,16,16
sprite395,69,459,16,16
sprite396,86,459,16,16
sprite397,103,459,16,16
sprite398,120,459,16,16
sprite399,137,459,16,16
sprite400,154,459,16,16
sprite401,171,459,16,16
sprite402,188,459,16,16
sprite403,205,459,16,16
sprite404,222,459,16,16
sprite405,239,459,16,16
sprite406,256,459,16,16
sprite407,18,476,16,16
sprite408,35,476,16,16
sprite409,69,476,16,16
sprite410,86,476,16,16
sprite411,103,476,16,16
sprite412,120,476,16,16
sprite413,137,476,16,16
sprite414,154,476,16,16
sprite415,171,476,16,16
sprite416,188,476,16,16
sprite417,205,476,16,16
sprite418,222,476,16,16
sprite419,239,476,16,16
sprite420,256,476,16,16
sprite421,1,484,16,8
sprite422,52,484,16,8
sprite423,1,493,16,16
sprite424,18,493,16,16
sprite425,35,493,16,16
sprite426,52,493,16,16
sprite427,69,493,16,16
sprite428,86,493,16,16
sprite429,103,493,16,16
sprite430,120,493,16,16
sprite431,137,493,16,16
sprite432,154,493,16,16
sprite433,171,493,16,16
sprite434,188,493,16,16
sprite435,205,493,16,16
sprite436,222,493,16,16
sprite437,239,493,16,16
sprite438,256,493,16,16
sprite439,1,510,16,16
sprite440,18,510,16,16
sprite441,35,510,16,16
sprite442,52,510,16,16
sprite443,69,510,16,16
sprite444,86,510,16,16
sprite445,103,510,16,16
sprite446,120,510,16,16
sprite447,137,510,16,16
sprite448,154,510,16,16
sprite449,171,510,16,16
sprite450,188,510,16,16
sprite451,205,510,16,16
sprite452,222,510,16,16
sprite453,239,510,16,16
sprite454,256,510,16,16
sprite455,1,527,16,8
sprite456,18,527,16,16
sprite457,35,527,16,16
sprite458,52,527,16,8
sprite459,69,527,16,16
sprite460,86,527,16,16
sprite461,103,527,16,16
sprite462,120,527,16,16
sprite463,137,527,16,16
sprite464,154,527,16,16
sprite465,171,527,16,16
sprite466,188,527,16,16
sprite467,205,527,16,16
sprite468,222,527,16,16
sprite469,239,527,16,16
sprite470,256,527,16,16
sprite471,18,544,16,16
sprite472,35,544,16,16
sprite473,137,544,13,13
sprite474,158,544,12,13
sprite475,205,544,11,11
sprite476,227,544,11,11
sprite477,70,545,4,4
sprite478,97,545,4,4
sprite479,124,548,9,9
sprite480,171,548,13,12
sprite481,192,548,12,12
sprite482,108,549,6,6
sprite483,239,549,11,11
sprite484,261,549,11,11
sprite485,75,550,4,4
sprite486,92,550,4,4
sprite487,1,552,16,8
sprite488,52,552,16,8
sprite489,80,555,4,4
sprite490,87,555,4,4
sprite491,1,561,16,16
sprite492,18,561,16,8
sprite493,35,561,16,8
sprite494,52,561,16,16
sprite495,69,561,13,13
sprite496,86,561,16,13
sprite497,103,561,16,13
sprite498,120,561,16,16
sprite499,137,561,13,16
sprite500,154,561,13,16
sprite501,171,561,13,13
sprite502,188,561,16,13
sprite503,209,561,12,13
sprite504,226,561,12,13
sprite505,243,561,12,16
sprite506,260,561,12,16
sprite507,1,578,16,16
sprite508,18,578,16,13
sprite509,35,578,13,16
sprite510,52,578,13,16
sprite511,69,578,16,16
sprite512,154,578,16,16
sprite513,175,578,12,16
sprite514,192,578,12,16
sprite515,86,582,16,12
sprite516,103,582,16,12
sprite517,120,582,13,12
sprite518,137,582,13,12
sprite519,209,582,12,12
sprite520,226,582,12,12
sprite521,239,582,16,12
sprite522,256,582,16,12
sprite523,1,595,16,16
sprite524,18,595,16,16
sprite525,35,595,16,16
sprite526,52,595,16,16
sprite527,69,595,16,16
sprite528,86,595,16,16
sprite529,103,595,16,16
sprite530,120,595,16,16
sprite531,137,595,16,16
sprite532,154,595,16,16
sprite533,171,595,16,16
sprite534,188,595,16,16
sprite535,205,595,16,16
sprite536,222,595,16,16
sprite537,239,595,16,16
sprite538,256,595,16,16
sprite539,1,629,16,16
sprite540,35,629,16,16
sprite541,52,629,16,16
sprite542,86,629,16,16
sprite543,103,629,16,16
sprite544,120,629,16,16
sprite545,137,629,16,16
sprite546,154,629,16,16
sprite547,171,629,16,16
sprite548,188,629,16,16
sprite549,205,629,16,16
sprite550,222,629,16,16
sprite551,239,629,16,16
sprite552,256,629,16,16
sprite553,18,630,16,15
sprite554,69,630,16,15
sprite555,1,646,16,16
sprite556,18,646,16,15
sprite557,35,646,16,16
sprite558,52,646,16,16
sprite559,69,646,16,15
sprite560,86,646,16,16
sprite561,104,646,15,16
sprite562,120,646,15,16
sprite563,138,646,15,16
sprite564,154,646,15,16
sprite565,172,646,15,16
sprite566,188,646,15,16
sprite567,205,646,16,16
sprite568,222,646,16,16
sprite569,239,646,16,16
sprite570,1,663,16,15
sprite571,18,663,16,15
sprite572,35,663,16,15
sprite573,86,663,16,15
sprite574,103,663,16,15
sprite575,188,663,16,15
sprite576,205,663,16,15
sprite577,256,663,15,16
sprite578,70,664,15,15
sprite579,120,664,15,15
sprite580,172,664,15,15
sprite581,222,664,15,15
sprite582,1,680,16,15
sprite583,18,680,16,15
sprite584,35,680,16,15
sprite585,52,680,16,15
sprite586,69,680,15,15
sprite587,121,680,15,15
sprite588,137,680,16,15
sprite589,154,680,16,15
sprite590,171,680,15,15
sprite591,223,680,15,15
sprite592,239,680,16,15
sprite593,259,680,9,16
sprite594,1,697,16,15
sprite595,18,697,16,15
sprite596,35,697,16,15
sprite597,86,697,16,15
sprite598,103,697,16,15
sprite599,188,697,16,15
sprite600,205,697,16,15
sprite601,256,697,15,16
sprite602,70,698,15,15
sprite603,120,698,15,15
sprite604,172,698,15,15
sprite605,222,698,15,15
sprite606,1,714,16,15
sprite607,18,714,16,15
sprite608,35,714,16,15
sprite609,52,714,16,15
sprite610,69,714,15,15
sprite611,121,714,15,15
sprite612,137,714,16,15
sprite613,154,714,16,15
sprite614,171,714,15,15
sprite615,223,714,15,15
sprite616,239,714,16,15
sprite617,259,714,9,16
sprite618,1,731,16,16
sprite619,35,731,16,16
sprite620,20,733,5,5
sprite621,27,733,5,5
sprite622,56,734,8,8
sprite623,20,740,5,5
sprite624,27,740,5,5