sprite1,18,0,16,16
sprite2,35,0,16,16
sprite3,52,0,16,16
sprite4,69,0,16,16
sprite5,86,0,16,16
sprite6,103,0,16,16
sprite7,123,0,10,16
sprite8,137,0,16,15
sprite9,154,0,16,15
sprite10,171,0,16,15
sprite11,188,0,16,16
sprite12,222,0,16,16
sprite13,239,0,16,16
sprite14,256,0,16,16
sprite15,205,1,16,15
sprite16,35,17,16,16
sprite17,69,17,15,16
sprite18,86,17,16,16
sprite19,112,17,7,16
sprite20,120,17,7,16
sprite21,137,17,16,15
sprite22,154,17,16,15
sprite23,171,17,16,15
sprite24,188,17,16,16
sprite25,205,17,16,15
sprite26,222,17,16,16
sprite27,240,17,15,16
sprite28,256,17,15,16
sprite29,2,18,13,15
sprite30,21,18,12,15
sprite31,55,20,12,13
sprite32,52,34,16,16
sprite33,69,34,16,16
sprite34,86,34,16,16
sprite35,112,34,7,16
sprite36,120,34,7,16
sprite37,137,34,16,15
sprite38,154,34,16,15
sprite39,171,34,16,15
sprite40,188,34,16,15
sprite41,205,34,16,15
sprite42,222,34,16,15
sprite43,239,34,16,16
sprite44,256,34,16,16
sprite45,1,42,16,8
sprite46,18,42,16,8
sprite47,35,42,16,8
sprite48,1,51,16,16
sprite49,18,51,16,16
sprite50,35,51,16,16
sprite51,52,51,16,16
sprite52,69,51,16,16
sprite53,86,51,16,16
sprite54,104,51,14,16
sprite55,120,51,16,16
sprite56,137,51,16,16
sprite57,154,51,16,16
sprite58,171,51,16,16
sprite59,188,51,16,16
sprite60,205,51,16,16
sprite61,222,51,16,16
sprite62,239,51,16,14
sprite63,256,51,16,16
sprite64,1,68,16,16
sprite65,18,68,16,16
sprite66,35,68,16,16
sprite67,52,68,16,16
sprite68,69,68,16,16
sprite69,86,68,16,16
sprite70,104,68,14,16
sprite71,128,68,8,16
sprite72,137,68,16,16
sprite73,154,68,8,16
sprite74,171,68,16,16
sprite75,188,68,16,16
sprite76,205,68,16,16
sprite77,222,68,13,16
sprite78,259,68,13,16
sprite79,69,85,16,11
sprite80,103,85,16,16
sprite81,128,85,8,16
sprite82,137,85,16,16
sprite83,154,85,8,16
sprite84,171,85,16,16
sprite85,188,85,16,16
sprite86,205,85,16,16
sprite87,222,85,13,16
sprite88,259,85,13,16
sprite89,5,89,8,9
sprite90,22,89,8,9
sprite91,39,89,8,9
sprite92,56,89,8,9
sprite93,86,90,16,11
sprite94,24,102,4,16
sprite95,35,102,16,16
sprite96,52,102,16,16
sprite97,69,102,11,16
sprite98,91,102,11,16
sprite99,103,102,16,16
sprite100,128,102,8,16
sprite101,137,102,16,16
sprite102,154,102,8,16
sprite103,171,102,16,16
sprite104,188,102,16,16
sprite105,205,102,16,16
sprite106,222,102,13,11
sprite107,259,102,13,11
sprite108,1,108,16,4
sprite109,56,119,9,13
sprite110,86,119,13,13
sprite111,107,119,12,13
sprite112,137,119,16,16
sprite113,154,119,16,16
sprite114,171,119,16,16
sprite115,188,119,16,16
sprite116,205,119,16,16
sprite117,223,119,15,14
sprite118,239,119,16,16
sprite119,256,122,15,13
sprite120,5,123,12,9
sprite121,18,123,13,9
sprite122,39,123,9,12
sprite123,73,123,12,12
sprite124,120,123,13,12
sprite125,57,136,6,11
sprite126,86,136,11,11
sprite127,108,136,11,11
sprite128,154,136,16,16
sprite129,171,136,16,16
sprite130,188,136,16,16
sprite131,205,136,16,16
sprite132,239,136,16,16
sprite133,223,137,15,13
sprite134,256,138,15,14
sprite135,141,139,8,8
sprite136,6,141,11,6
sprite137,18,141,11,6
sprite138,40,141,6,11
sprite139,74,141,11,11
sprite140,120,141,11,11
sprite141,23,153,6,16
sprite142,35,153,16,16
sprite143,52,153,16,16
sprite144,74,153,11,11
sprite145,120,153,11,11
sprite146,142,153,11,11
sprite147,159,153,11,16
sprite148,171,153,11,16
sprite149,188,153,11,11
sprite150,239,153,16,11
sprite151,261,153,11,11
sprite152,1,158,16,6
sprite153,91,158,11,11
sprite154,103,158,11,11
sprite155,210,158,11,11
sprite156,222,158,16,11
sprite157,18,170,11,16
sprite158,40,170,11,16
sprite159,69,170,11,11
sprite160,86,170,16,11
sprite161,177,170,10,16
sprite162,188,170,2,2
sprite163,211,170,10,16
sprite164,253,170,2,2
sprite165,256,170,16,10
sprite166,1,175,11,11
sprite167,57,175,11,11
sprite168,103,175,16,11
sprite169,120,175,11,11
sprite170,154,176,16,10
sprite171,151,184,2,2
sprite172,222,184,2,2
sprite173,49,187,2,2
sprite174,52,187,10,16
sprite175,86,187,10,16
sprite176,103,187,16,10
sprite177,120,187,2,2
sprite178,137,187,16,16
sprite179,154,187,16,16
sprite180,171,187,16,16
sprite181,188,187,16,16
sprite182,205,187,16,16
sprite183,222,187,16,16
sprite184,239,187,16,16
sprite185,256,187,16,16
sprite186,1,193,16,10
sprite187,18,201,2,2
sprite188,83,201,2,2
sprite189,1,204,16,16
sprite190,18,204,16,16
sprite191,35,204,16,16
sprite192,52,204,16,16
sprite193,69,204,16,16
sprite194,86,204,16,16
sprite195,103,204,16,16
sprite196,120,204,16,16
sprite197,137,204,16,16
sprite198,154,204,16,16
sprite199,171,204,16,16
sprite200,188,204,16,16
sprite201,205,204,16,16
sprite202,222,204,16,16
sprite203,239,204,16,16
sprite204,256,204,16,16
sprite205,1,221,16,16
sprite206,18,221,16,16
sprite207,35,221,16,16
sprite208,52,221,16,16
sprite209,69,221,16,16
sprite210,86,221,16,16
sprite211,103,221,16,16
sprite212,120,221,16,16
sprite213,137,221,16,16
sprite214,154,221,16,16
sprite215,171,221,16,16
sprite216,188,221,16,16
sprite217,205,221,16,16
sprite218,222,221,16,16
sprite219,239,221,16,16
sprite220,256,221,16,16
sprite221,1,238,16,16
sprite222,18,238,16,16
sprite223,35,238,16,16
sprite224,52,238,16,16
sprite225,69,238,16,16
sprite226,86,238,16,16
sprite227,103,238,16,16
sprite228,120,238,16,16
sprite229,137,238,16,16
sprite230,154,238,16,16
sprite231,171,238,16,16
sprite232,188,238,16,16
sprite233,205,238,16,16
sprite234,222,238,16,16
sprite235,239,238,16,16
sprite236,256,238,16,16
sprite237,1,255,16,16
sprite238,18,255,16,16
sprite239,35,255,16,16
sprite240,52,255,16,16
sprite241,69,255,16,16
sprite242,86,255,16,16
sprite243,103,255,16,16
sprite244,120,255,16,16
sprite245,137,255,16,16
sprite246,154,255,16,16
sprite247,171,255,16,16
sprite248,188,255,16,16
sprite249,205,255,16,16
sprite250,222,255,16,16
sprite251,239,255,16,16
sprite252,1,272,16,16
sprite253,103,272,16,15
sprite254,120,272,16,15
sprite255,205,272,16,15
sprite256,222,272,16,15
sprite257,87,273,15,15
sprite258,137,273,15,15
sprite259,189,273,15,15
sprite260,239,273,15,15
sprite261,18,275,16,10
sprite262,52,275,16,10
sprite263,35,278,16,4
sprite264,1,289,16,16
sprite265,69,289,16,15
sprite266,86,289,15,15
sprite267,138,289,15,15
sprite268,154,289,16,15
sprite269,171,289,16,15
sprite270,188,289,15,15
sprite271,240,289,15,15
sprite272,256,289,16,15
sprite273,22,292,8,8
sprite274,103,306,16,15
sprite275,120,306,16,15
sprite276,205,306,16,15
sprite277,222,306,16,15
sprite278,87,307,15,15
sprite279,137,307,15,15
sprite280,189,307,15,15
sprite281,239,307,15,15
sprite282,69,323,16,15
sprite283,86,323,15,15
sprite284,138,323,15,15
sprite285,154,323,16,15
sprite286,171,323,16,15
sprite287,188,323,15,15
sprite288,240,323,15,15
sprite289,256,323,16,15
sprite290,103,340,16,15
sprite291,120,340,16,15
sprite292,205,340,16,15
sprite293,222,340,16,15
sprite294,87,341,15,15
sprite295,137,341,15,15
sprite296,189,341,15,15
sprite297,239,341,15,15
sprite298,35,357,16,16
sprite299,52,357,16,16
sprite300,69,357,16,15
sprite301,86,357,15,15
sprite302,138,357,15,15
sprite303,154,357,16,15
sprite304,171,357,16,15
sprite305,188,357,15,15
sprite306,240,357,15,15
sprite307,256,357,16,15
sprite308,103,374,16,15
sprite309,120,374,16,15
sprite310,205,374,16,15
sprite311,222,374,16,15
sprite312,36,375,4,4
sprite313,41,375,4,3
sprite314,46,375,4,4
sprite315,53,375,4,4
sprite316,58,375,4,3
sprite317,63,375,4,4
sprite318,87,375,15,15
sprite319,137,375,15,15
sprite320,189,375,15,15
sprite321,239,375,15,15
sprite322,36,380,3,4
sprite323,47,380,3,4
sprite324,53,380,3,4
sprite325,64,380,3,4
sprite326,36,385,4,4
sprite327,46,385,4,4
sprite328,53,385,4,4
sprite329,63,385,4,4
sprite330,41,386,4,3
sprite331,58,386,4,3
sprite332,35,391,16,16
sprite333,52,391,16,16
sprite334,69,391,16,15
sprite335,86,391,15,15
sprite336,138,391,15,15
sprite337,154,391,16,15
sprite338,171,391,16,15
sprite339,188,391,15,15
sprite340,240,391,15,15
sprite341,256,391,16,15
sprite342,1,408,16,16
sprite343,18,408,16,16
sprite344,36,408,15,16
sprite345,52,408,15,16
sprite346,69,408,16,16
sprite347,103,408,16,16
sprite348,171,408,16,15
sprite349,188,408,16,15
sprite350,205,408,16,15
sprite351,222,408,16,15
sprite352,239,408,16,15
sprite353,256,408,16,15
sprite354,86,409,16,15
sprite355,1,425,16,16
sprite356,18,425,16,16
sprite357,35,425,15,16
sprite358,53,425,15,16
sprite359,69,425,16,16
sprite360,86,425,16,15
sprite361,103,425,16,16
sprite362,171,425,16,15
sprite363,188,425,16,15
sprite364,205,425,16,15
sprite365,222,425,16,15
sprite366,239,425,16,15
sprite367,256,425,16,15
sprite368,1,442,16,16
sprite369,18,442,16,16
sprite370,35,442,16,16
sprite371,52,442,16,16
sprite372,69,442,16,16
sprite373,86,442,16,16
sprite374,103,442,16,16
sprite375,120,442,16,16
sprite376,137,442,16,16
sprite377,154,442,16,16
sprite378,171,442,16,16
sprite379,188,442,16,16
sprite380,205,442,16,16
sprite381,222,442,16,16
sprite382,239,442,16,16
sprite383,256,442,16,16
sprite384,1,459,16,16
sprite385,18,459,16,16
sprite386,35,459,16,16
sprite387,52,459,16,16
sprite388,69,459,16,16
sprite389,86,459,16,16
sprite390,103,459,16,16
sprite391,120,459,16,16
sprite392,137,459,16,16
sprite393,154,459,16,16
sprite394,171,459,16,16
sprite395,188,459,16,16
sprite396,205,459,16,16
sprite397,222,459,16,16
sprite398,239,459,16,16
sprite399,256,459,16,16
sprite400,18,476,16,16
sprite401,35,476,16,16
sprite402,69,476,16,16
sprite403,86,476,16,16
sprite404,103,476,16,16
sprite405,120,476,16,16
sprite406,137,476,16,16
sprite407,154,476,16,16
sprite408,171,476,16,16
sprite409,188,476,16,16
sprite410,205,476,16,16
sprite411,222,476,16,16
sprite412,239,476,16,16
sprite413,256,476,16,16
sprite414,1,484,16,8
sprite415,52,484,16,8
sprite416,1,493,16,16
sprite417,18,493,16,16
sprite418,35,493,16,16
sprite419,52,493,16,16
sprite420,69,493,16,16
sprite421,86,493,16,16
sprite422,103,493,16,16
sprite423,120,493,16,16
sprite424,137,493,16,16
sprite425,154,493,16,16
sprite426,171,493,16,16
sprite427,188,493,16,16
sprite428,205,493,16,16
sprite429,222,493,16,16
sprite430,239,493,16,16
sprite431,256,493,16,16
sprite432,1,510,16,16
sprite433,18,510,16,16
sprite434,35,510,16,16
sprite435,52,510,16,16
sprite436,69,510,16,16
sprite437,86,510,16,16
sprite438,103,510,16,16
sprite439,120,510,16,16
sprite440,137,510,16,16
sprite441,154,510,16,16
sprite442,171,510,16,16
sprite443,188,510,16,16
sprite444,205,510,16,16
sprite445,222,510,16,16
sprite446,239,510,16,16
sprite447,256,510,16,16
sprite448,1,527,16,8
sprite449,18,527,16,16
sprite450,35,527,16,16
sprite451,52,527,16,8
sprite452,69,527,16,16
sprite453,86,527,16,16
sprite454,103,527,16,16
sprite455,120,527,16,16
sprite456,137,527,16,16
sprite457,154,527,16,16
sprite458,171,527,16,16
sprite459,188,527,16,16
sprite460,205,527,16,16
sprite461,222,527,16,16
sprite462,239,527,16,16
sprite463,256,527,16,16
sprite464,18,544,16,16
sprite465,35,544,16,16
sprite466,137,544,13,13
sprite467,158,544,12,13
sprite468,205,544,11,11
sprite469,227,544,11,11
sprite470,70,545,4,4
sprite471,97,545,4,4
sprite472,124,548,9,9
sprite473,171,548,13,12
sprite474,192,548,12,12
sprite475,108,549,6,6
sprite476,239,549,11,11
sprite477,261,549,11,11
sprite478,75,550,4,4
sprite479,92,550,4,4
sprite480,7,551,10,9
sprite481,52,551,10,9
sprite482,80,555,4,4
sprite483,87,555,4,4
sprite484,1,561,16,16
sprite485,18,561,10,9
sprite486,41,561,10,9
sprite487,52,561,16,16
sprite488,69,561,13,13
sprite489,86,561,16,13
sprite490,103,561,16,13
sprite491,120,561,16,16
sprite492,137,561,13,16
sprite493,154,561,13,16
sprite494,171,561,13,13
sprite495,188,561,16,13
sprite496,209,561,12,13
sprite497,226,561,12,13
sprite498,243,561,12,16
sprite499,260,561,12,16
sprite500,1,578,16,16
sprite501,18,578,16,13
sprite502,35,578,13,16
sprite503,52,578,13,16
sprite504,69,578,16,16
sprite505,154,578,16,16
sprite506,175,578,12,16
sprite507,192,578,12,16
sprite508,86,582,16,12
sprite509,103,582,16,12
sprite510,120,582,13,12
sprite511,137,582,13,12
sprite512,209,582,12,12
sprite513,226,582,12,12
sprite514,239,582,16,12
sprite515,256,582,16,12
sprite516,1,595,16,16
sprite517,18,595,16,16
sprite518,35,595,16,16
sprite519,52,595,16,16
sprite520,69,595,16,16
sprite521,86,595,16,16
sprite522,103,595,16,16
sprite523,120,595,16,16
sprite524,137,595,16,16
sprite525,154,595,16,16
sprite526,171,595,16,16
sprite527,188,595,16,16
sprite528,205,595,16,16
sprite529,222,595,16,16
sprite530,239,595,16,16
sprite531,256,595,16,16
sprite532,1,629,16,16
sprite533,35,629,16,16
sprite534,52,629,16,16
sprite535,86,629,16,16
sprite536,103,629,16,16
sprite537,120,629,16,16
sprite538,137,629,16,16
sprite539,154,629,16,16
sprite540,171,629,16,16
sprite541,188,629,16,16
sprite542,205,629,16,16
sprite543,222,629,16,16
sprite544,239,629,16,16
sprite545,256,629,16,16
sprite546,18,630,16,15
sprite547,69,630,16,15
sprite548,1,646,16,16
sprite549,18,646,16,15
sprite550,35,646,16,16
sprite551,52,646,16,16
sprite552,69,646,16,15
sprite553,86,646,16,16
sprite554,104,646,15,16
sprite555,120,646,15,16
sprite556,138,646,15,16
sprite557,154,646,15,16
sprite558,172,646,15,16
sprite559,188,646,15,16
sprite560,205,646,16,16
sprite561,222,646,16,16
sprite562,239,646,16,16
sprite563,1,663,16,15
sprite564,18,663,16,15
sprite565,35,663,16,15
sprite566,86,663,16,15
sprite567,103,663,16,15
sprite568,188,663,16,15
sprite569,205,663,16,15
sprite570,256,663,15,16
sprite571,70,664,15,15
sprite572,120,664,15,15
sprite573,172,664,15,15
sprite574,222,664,15,15
sprite575,1,680,16,15
sprite576,18,680,16,15
sprite577,35,680,16,15
sprite578,52,680,16,15
sprite579,69,680,15,15
sprite580,121,680,15,15
sprite581,137,680,16,15
sprite582,154,680,16,15
sprite583,171,680,15,15
sprite584,223,680,15,15
sprite585,239,680,16,15
sprite586,259,680,9,16
sprite587,1,697,16,15
sprite588,18,697,16,15
sprite589,35,697,16,15
sprite590,86,697,16,15
sprite591,103,697,16,15
sprite592,188,697,16,15
sprite593,205,697,16,15
sprite594,256,697,15,16
sprite595,70,698,15,15
sprite596,120,698,15,15
sprite597,172,698,15,15
sprite598,222,698,15,15
sprite599,1,714,16,15
sprite600,18,714,16,15
sprite601,35,714,16,15
sprite602,52,714,16,15
sprite603,69,714,15,15
sprite604,121,714,15,15
sprite605,137,714,16,15
sprite606,154,714,16,15
sprite607,171,714,15,15
sprite608,223,714,15,15
sprite609,239,714,16,15
sprite610,259,714,9,16
sprite611,1,731,16,16
sprite612,35,731,16,16
sprite613,20,733,5,5
sprite614,27,733,5,5
sprite615,56,734,8,8
sprite616,20,740,5,5
sprite617,27,740,5,5